layout_file: ./suncg/house/fe3649f602f371d76660b5cb7219c3d0/houseOneFloor.obj
object
04099429/56c13d294f8afb1ffb88d148e845f82e
wnid
04099429
scale
0.005485493976
transformation
-0.806 0.000 0.592 38.602
0.000 1.000 0.000 0.050
-0.592 0.000 -0.806 37.975
object
02691156/7f2d03635180db2137678474be485ca
wnid
02691156
scale
0.0574239746742
transformation
0.997 0.000 0.082 41.006
0.000 1.000 0.000 0.050
-0.082 0.000 0.997 38.042
object
04099429/56c13d294f8afb1ffb88d148e845f82e
wnid
04099429
scale
0.00770987539563
transformation
-0.269 0.000 -0.963 41.597
0.000 1.000 0.000 0.050
0.963 0.000 -0.269 37.374
object
02801938/c1abb91a5a9e2ea36d0c80f3bebb5ec0
wnid
02801938
scale
0.0131378582744
transformation
-0.878 0.000 0.479 40.570
0.000 1.000 0.000 0.050
-0.479 0.000 -0.878 37.260
object
03928116/ac47e870aee0ecf5c4dbe872a948b23
wnid
03928116
scale
0.00557789842485
transformation
0.985 0.000 0.173 40.245
0.000 1.000 0.000 0.050
-0.173 0.000 0.985 37.534
object
03928116/bd586b69c27f05c8fcb3c6c0ffedec6
wnid
03928116
scale
0.0227937199234
transformation
0.610 0.000 0.792 43.161
0.000 1.000 0.000 0.050
-0.792 0.000 0.610 40.887
object
03938244/2873ef9354972727b376ecd25749b977
wnid
03938244
scale
0.0479428947423
transformation
0.809 0.000 -0.587 44.359
0.000 1.000 0.000 0.050
0.587 0.000 0.809 37.812
object
03928116/bd586b69c27f05c8fcb3c6c0ffedec6
wnid
03928116
scale
0.0169685712999
transformation
-0.134 0.000 -0.991 43.719
0.000 1.000 0.000 0.050
0.991 0.000 -0.134 38.599
object
02924116/6b5c172c49f15064e550942ea36e5443
wnid
02924116
scale
0.06764186476
transformation
0.977 0.000 0.214 43.202
0.000 1.000 0.000 0.050
-0.214 0.000 0.977 41.255
object
03928116/ac47e870aee0ecf5c4dbe872a948b23
wnid
03928116
scale
0.0110713900216
transformation
0.392 0.000 0.920 45.945
0.000 1.000 0.000 0.050
-0.920 0.000 0.392 40.536
object
03928116/ac47e870aee0ecf5c4dbe872a948b23
wnid
03928116
scale
0.00883858448332
transformation
0.990 0.000 -0.139 46.109
0.000 1.000 0.000 0.050
0.139 0.000 0.990 35.949
object
04099429/56c13d294f8afb1ffb88d148e845f82e
wnid
04099429
scale
0.00846047877445
transformation
0.106 0.000 -0.994 46.177
0.000 1.000 0.000 0.050
0.994 0.000 0.106 36.080
object
04099429/56c13d294f8afb1ffb88d148e845f82e
wnid
04099429
scale
0.006800962046
transformation
-0.807 0.000 0.590 42.584
0.000 1.000 0.000 0.050
-0.590 0.000 -0.807 34.376
object
03928116/ac47e870aee0ecf5c4dbe872a948b23
wnid
03928116
scale
0.0203893514413
transformation
0.316 0.000 0.949 43.761
0.000 1.000 0.000 0.050
-0.949 0.000 0.316 33.758
object
04099429/56c13d294f8afb1ffb88d148e845f82e
wnid
04099429
scale
0.0259854318215
transformation
0.897 0.000 0.442 45.171
0.000 1.000 0.000 0.050
-0.442 0.000 0.897 34.625
object
03938244/2873ef9354972727b376ecd25749b977
wnid
03938244
scale
0.0494155662334
transformation
-0.991 0.000 -0.133 46.097
0.000 1.000 0.000 0.050
0.133 0.000 -0.991 36.460
object
03928116/ac47e870aee0ecf5c4dbe872a948b23
wnid
03928116
scale
0.0272336153628
transformation
-0.519 0.000 -0.855 42.584
0.000 1.000 0.000 0.050
0.855 0.000 -0.519 35.149
object
04099429/56c13d294f8afb1ffb88d148e845f82e
wnid
04099429
scale
0.0111639022057
transformation
0.660 0.000 -0.751 46.523
0.000 1.000 0.000 0.050
0.751 0.000 0.660 34.913
object
04099429/59389aac7b1ea9b09b28f5f9cf8893b5
wnid
04099429
scale
0.0189122949886
transformation
0.793 0.000 0.609 43.231
0.000 1.000 0.000 0.050
-0.609 0.000 0.793 36.693
object
02801938/c1abb91a5a9e2ea36d0c80f3bebb5ec0
wnid
02801938
scale
0.00904479311717
transformation
-0.116 0.000 -0.993 43.263
0.000 1.000 0.000 0.050
0.993 0.000 -0.116 35.749
object
03928116/bd586b69c27f05c8fcb3c6c0ffedec6
wnid
03928116
scale
0.0221413013288
transformation
-0.732 0.000 -0.681 46.489
0.000 1.000 0.000 0.050
0.681 0.000 -0.732 33.307
object
02691156/7f2d03635180db2137678474be485ca
wnid
02691156
scale
0.0653310815467
transformation
-0.666 0.000 0.746 43.895
0.000 1.000 0.000 0.050
-0.746 0.000 -0.666 29.351
object
02924116/eb073520d0c4db4d346f9a49ab523ba7
wnid
02924116
scale
0.0404039888674
transformation
-0.182 0.000 -0.983 45.302
0.000 1.000 0.000 0.050
0.983 0.000 -0.182 30.971
object
02924116/6b5c172c49f15064e550942ea36e5443
wnid
02924116
scale
0.0636084712195
transformation
-0.952 0.000 -0.305 45.059
0.000 1.000 0.000 0.050
0.305 0.000 -0.952 33.011
object
04099429/59389aac7b1ea9b09b28f5f9cf8893b5
wnid
04099429
scale
0.00739207641046
transformation
0.993 0.000 0.118 45.904
0.000 1.000 0.000 0.050
-0.118 0.000 0.993 32.702
object
03928116/bd586b69c27f05c8fcb3c6c0ffedec6
wnid
03928116
scale
0.00838990252239
transformation
0.930 0.000 0.367 44.667
0.000 1.000 0.000 0.050
-0.367 0.000 0.930 29.290
object
03928116/4935addf7de12539c273f5d1e0123211
wnid
03928116
scale
0.0223147235584
transformation
-0.929 0.000 -0.369 44.365
0.000 1.000 0.000 0.050
0.369 0.000 -0.929 32.958
object
02801938/c1abb91a5a9e2ea36d0c80f3bebb5ec0
wnid
02801938
scale
0.0183691119555
transformation
-0.315 0.000 0.949 54.543
0.000 1.000 0.000 0.050
-0.949 0.000 -0.315 37.484
object
03928116/4935addf7de12539c273f5d1e0123211
wnid
03928116
scale
0.04002570978
transformation
0.837 0.000 0.547 55.838
0.000 1.000 0.000 0.050
-0.547 0.000 0.837 34.775
object
02924116/eb073520d0c4db4d346f9a49ab523ba7
wnid
02924116
scale
0.102700785544
transformation
-0.796 0.000 0.605 55.821
0.000 1.000 0.000 0.050
-0.605 0.000 -0.796 36.505
object
02924116/6b5c172c49f15064e550942ea36e5443
wnid
02924116
scale
0.013737361477
transformation
0.669 0.000 0.743 55.892
0.000 1.000 0.000 0.050
-0.743 0.000 0.669 37.707
object
02924116/6b5c172c49f15064e550942ea36e5443
wnid
02924116
scale
0.0531217540585
transformation
-0.762 0.000 -0.647 57.298
0.000 1.000 0.000 0.050
0.647 0.000 -0.762 36.160
object
03928116/4935addf7de12539c273f5d1e0123211
wnid
03928116
scale
0.00894667270287
transformation
-0.810 0.000 -0.587 53.607
0.000 1.000 0.000 0.050
0.587 0.000 -0.810 39.154
object
03938244/2873ef9354972727b376ecd25749b977
wnid
03938244
scale
0.0522133151205
transformation
-0.286 0.000 -0.958 54.529
0.000 1.000 0.000 0.050
0.958 0.000 -0.286 37.563
object
03928116/bd586b69c27f05c8fcb3c6c0ffedec6
wnid
03928116
scale
0.024046742738
transformation
-0.526 0.000 -0.850 54.754
0.000 1.000 0.000 0.050
0.850 0.000 -0.526 36.272
object
04099429/59389aac7b1ea9b09b28f5f9cf8893b5
wnid
04099429
scale
0.0156079121564
transformation
0.202 0.000 -0.979 53.857
0.000 1.000 0.000 0.050
0.979 0.000 0.202 36.142
object
03938244/2873ef9354972727b376ecd25749b977
wnid
03938244
scale
0.0239262542691
transformation
0.689 0.000 0.725 54.606
0.000 1.000 0.000 0.050
-0.725 0.000 0.689 34.317
end
rooms
37.26 38.25 2.7 3.5
37.46 41.85 4.0 4.8
33.06 41.85 4.3 4.8
29.16 43.55 4.0 3.1
34.26 52.85 5.2 5.1
