layout_file: ./suncg/house/0004dd3cb11e50530676f77b55262d38/houseOneFloor.obj
rooms
37.53 37.45 6.1 5.0
32.33 37.45 5.1 10.1
37.43 42.55 3.0 5.0
40.53 42.55 3.1 5.0
32.33 47.65 5.0 4.1
37.43 47.65 6.2 4.1
35.43 28.55 6.2 5.1
object
02924116/6b5c172c49f15064e550942ea36e5443
wnid
02924116
scale
0.0412688095681
transformation
0.152 0.000 0.988 42.402
0.000 1.000 0.000 0.050
-0.988 0.000 0.152 37.868
object
02691156/7f2d03635180db2137678474be485ca
wnid
02691156
scale
0.0330913893886
transformation
0.690 0.000 -0.724 38.899
0.000 1.000 0.000 0.050
0.724 0.000 0.690 42.842
object
02801938/c1abb91a5a9e2ea36d0c80f3bebb5ec0
wnid
02801938
scale
0.0115121002598
transformation
-0.076 0.000 0.997 40.909
0.000 1.000 0.000 0.050
-0.997 0.000 -0.076 38.897
object
03928116/4935addf7de12539c273f5d1e0123211
wnid
03928116
scale
0.00999631009369
transformation
-0.810 0.000 0.587 41.442
0.000 1.000 0.000 0.050
-0.587 0.000 -0.810 39.543
object
03938244/2873ef9354972727b376ecd25749b977
wnid
03938244
scale
0.082325933971
transformation
-0.142 0.000 -0.990 38.773
0.000 1.000 0.000 0.050
0.990 0.000 -0.142 38.926
object
04099429/59389aac7b1ea9b09b28f5f9cf8893b5
wnid
04099429
scale
0.0159159921603
transformation
-0.425 0.000 0.905 38.501
0.000 1.000 0.000 0.050
-0.905 0.000 -0.425 39.307
object
03928116/4935addf7de12539c273f5d1e0123211
wnid
03928116
scale
0.0350991784651
transformation
-0.934 0.000 0.358 38.879
0.000 1.000 0.000 0.050
-0.358 0.000 -0.934 41.827
object
03928116/bd586b69c27f05c8fcb3c6c0ffedec6
wnid
03928116
scale
0.01255145148
transformation
-0.432 0.000 -0.902 41.718
0.000 1.000 0.000 0.050
0.902 0.000 -0.432 38.711
object
02691156/7f2d03635180db2137678474be485ca
wnid
02691156
scale
0.0362326684146
transformation
-0.992 0.000 0.127 38.833
0.000 1.000 0.000 0.050
-0.127 0.000 -0.992 40.223
object
03938244/2873ef9354972727b376ecd25749b977
wnid
03938244
scale
0.0392594010654
transformation
-0.671 0.000 -0.741 43.550
0.000 1.000 0.000 0.050
0.741 0.000 -0.671 36.989
object
02924116/6b5c172c49f15064e550942ea36e5443
wnid
02924116
scale
0.0619611123453
transformation
0.054 0.000 0.999 46.390
0.000 1.000 0.000 0.050
-0.999 0.000 0.054 34.106
object
03928116/bd586b69c27f05c8fcb3c6c0ffedec6
wnid
03928116
scale
0.0192574304874
transformation
0.064 0.000 0.998 46.131
0.000 1.000 0.000 0.050
-0.998 0.000 0.064 35.420
object
02801938/c1abb91a5a9e2ea36d0c80f3bebb5ec0
wnid
02801938
scale
0.0165692012638
transformation
0.930 0.000 -0.368 38.721
0.000 1.000 0.000 0.050
0.368 0.000 0.930 32.510
object
02691156/7f2d03635180db2137678474be485ca
wnid
02691156
scale
0.0701722878782
transformation
0.432 0.000 0.902 44.862
0.000 1.000 0.000 0.050
-0.902 0.000 0.432 32.481
object
02924116/eb073520d0c4db4d346f9a49ab523ba7
wnid
02924116
scale
0.0376284861762
transformation
-0.806 0.000 0.592 45.660
0.000 1.000 0.000 0.050
-0.592 0.000 -0.806 35.167
object
04099429/56c13d294f8afb1ffb88d148e845f82e
wnid
04099429
scale
0.01144749738
transformation
0.830 0.000 -0.558 41.240
0.000 1.000 0.000 0.050
0.558 0.000 0.830 35.766
object
03928116/4935addf7de12539c273f5d1e0123211
wnid
03928116
scale
0.0150982089494
transformation
0.186 0.000 0.983 38.104
0.000 1.000 0.000 0.050
-0.983 0.000 0.186 33.740
object
02691156/7f2d03635180db2137678474be485ca
wnid
02691156
scale
0.0284433060044
transformation
-0.891 0.000 -0.454 42.599
0.000 1.000 0.000 0.050
0.454 0.000 -0.891 34.988
object
02924116/6b5c172c49f15064e550942ea36e5443
wnid
02924116
scale
0.0326895826148
transformation
-0.453 0.000 -0.891 37.528
0.000 1.000 0.000 0.050
0.891 0.000 -0.453 36.582
object
02924116/eb073520d0c4db4d346f9a49ab523ba7
wnid
02924116
scale
0.0145331468002
transformation
0.585 0.000 0.811 37.678
0.000 1.000 0.000 0.050
-0.811 0.000 0.585 33.904
object
04099429/56c13d294f8afb1ffb88d148e845f82e
wnid
04099429
scale
0.000444372518421
transformation
0.879 0.000 -0.477 38.619
0.000 1.000 0.000 0.050
0.477 0.000 0.879 33.444
object
02691156/7f2d03635180db2137678474be485ca
wnid
02691156
scale
0.0865623655187
transformation
0.894 0.000 0.449 40.380
0.000 1.000 0.000 0.050
-0.449 0.000 0.894 36.558
object
03928116/bd586b69c27f05c8fcb3c6c0ffedec6
wnid
03928116
scale
0.0157896769128
transformation
-0.471 0.000 -0.882 42.399
0.000 1.000 0.000 0.050
0.882 0.000 -0.471 34.653
object
04099429/59389aac7b1ea9b09b28f5f9cf8893b5
wnid
04099429
scale
0.0224898715156
transformation
0.988 0.000 0.157 45.132
0.000 1.000 0.000 0.050
-0.157 0.000 0.988 32.935
object
03938244/2873ef9354972727b376ecd25749b977
wnid
03938244
scale
0.0307697650427
transformation
0.223 0.000 -0.975 46.818
0.000 1.000 0.000 0.050
0.975 0.000 0.223 39.025
object
02801938/c1abb91a5a9e2ea36d0c80f3bebb5ec0
wnid
02801938
scale
0.00683829251585
transformation
-0.450 0.000 0.893 46.198
0.000 1.000 0.000 0.050
-0.893 0.000 -0.450 39.865
object
02924116/eb073520d0c4db4d346f9a49ab523ba7
wnid
02924116
scale
0.0484866126958
transformation
-0.415 0.000 0.910 45.007
0.000 1.000 0.000 0.050
-0.910 0.000 -0.415 38.593
object
04099429/59389aac7b1ea9b09b28f5f9cf8893b5
wnid
04099429
scale
0.0068934853691
transformation
0.597 0.000 0.802 42.616
0.000 1.000 0.000 0.050
-0.802 0.000 0.597 39.854
object
02924116/eb073520d0c4db4d346f9a49ab523ba7
wnid
02924116
scale
0.08091883603
transformation
-0.762 0.000 -0.648 46.244
0.000 1.000 0.000 0.050
0.648 0.000 -0.762 38.937
object
03928116/bd586b69c27f05c8fcb3c6c0ffedec6
wnid
03928116
scale
0.0188462940125
transformation
0.243 0.000 -0.970 43.580
0.000 1.000 0.000 0.050
0.970 0.000 0.243 39.363
object
02924116/eb073520d0c4db4d346f9a49ab523ba7
wnid
02924116
scale
0.0927041027289
transformation
-0.899 0.000 0.438 46.919
0.000 1.000 0.000 0.050
-0.438 0.000 -0.899 39.033
object
04099429/59389aac7b1ea9b09b28f5f9cf8893b5
wnid
04099429
scale
0.0134102684822
transformation
-0.918 0.000 0.398 42.640
0.000 1.000 0.000 0.050
-0.398 0.000 -0.918 39.861
object
03928116/ac47e870aee0ecf5c4dbe872a948b23
wnid
03928116
scale
0.016542234799
transformation
0.031 0.000 -1.000 45.396
0.000 1.000 0.000 0.050
1.000 0.000 0.031 42.020
object
02924116/eb073520d0c4db4d346f9a49ab523ba7
wnid
02924116
scale
0.0442110966717
transformation
0.978 0.000 -0.211 43.882
0.000 1.000 0.000 0.050
0.211 0.000 0.978 41.029
object
04099429/59389aac7b1ea9b09b28f5f9cf8893b5
wnid
04099429
scale
0.00747601502158
transformation
-0.050 0.000 -0.999 47.472
0.000 1.000 0.000 0.050
0.999 0.000 -0.050 41.488
object
04099429/56c13d294f8afb1ffb88d148e845f82e
wnid
04099429
scale
0.0053468969511
transformation
0.494 0.000 -0.870 45.565
0.000 1.000 0.000 0.050
0.870 0.000 0.494 40.866
object
02691156/7f2d03635180db2137678474be485ca
wnid
02691156
scale
0.0163517721521
transformation
0.721 0.000 0.693 43.772
0.000 1.000 0.000 0.050
-0.693 0.000 0.721 42.346
object
03928116/4935addf7de12539c273f5d1e0123211
wnid
03928116
scale
0.0211087272895
transformation
0.484 0.000 0.875 45.773
0.000 1.000 0.000 0.050
-0.875 0.000 0.484 42.505
object
04099429/56c13d294f8afb1ffb88d148e845f82e
wnid
04099429
scale
0.0108430980409
transformation
-0.818 0.000 0.576 49.741
0.000 1.000 0.000 0.050
-0.576 0.000 -0.818 34.291
object
03928116/bd586b69c27f05c8fcb3c6c0ffedec6
wnid
03928116
scale
0.0240077756746
transformation
-0.940 0.000 0.340 50.461
0.000 1.000 0.000 0.050
-0.340 0.000 -0.940 37.268
object
03938244/2873ef9354972727b376ecd25749b977
wnid
03938244
scale
0.0195309689472
transformation
0.055 0.000 -0.998 49.952
0.000 1.000 0.000 0.050
0.998 0.000 0.055 35.890
object
03928116/4935addf7de12539c273f5d1e0123211
wnid
03928116
scale
0.0150519105315
transformation
0.514 0.000 0.858 50.905
0.000 1.000 0.000 0.050
-0.858 0.000 0.514 37.143
object
02801938/c1abb91a5a9e2ea36d0c80f3bebb5ec0
wnid
02801938
scale
0.0122787577288
transformation
-0.947 0.000 -0.320 51.582
0.000 1.000 0.000 0.050
0.320 0.000 -0.947 34.169
object
03928116/bd586b69c27f05c8fcb3c6c0ffedec6
wnid
03928116
scale
0.0307329343792
transformation
-0.261 0.000 0.965 50.966
0.000 1.000 0.000 0.050
-0.965 0.000 -0.261 33.083
object
04099429/56c13d294f8afb1ffb88d148e845f82e
wnid
04099429
scale
0.00907052973671
transformation
0.159 0.000 0.987 50.771
0.000 1.000 0.000 0.050
-0.987 0.000 0.159 35.889
object
03928116/4935addf7de12539c273f5d1e0123211
wnid
03928116
scale
0.0267073543152
transformation
-0.972 0.000 -0.236 50.007
0.000 1.000 0.000 0.050
0.236 0.000 -0.972 33.767
object
02691156/7f2d03635180db2137678474be485ca
wnid
02691156
scale
0.0596038923563
transformation
-0.261 0.000 -0.965 50.258
0.000 1.000 0.000 0.050
0.965 0.000 -0.261 32.516
object
03928116/bd586b69c27f05c8fcb3c6c0ffedec6
wnid
03928116
scale
0.0158617903777
transformation
0.304 0.000 -0.953 50.919
0.000 1.000 0.000 0.050
0.953 0.000 0.304 35.079
object
02691156/7f2d03635180db2137678474be485ca
wnid
02691156
scale
0.0656572335016
transformation
-0.708 0.000 0.706 49.609
0.000 1.000 0.000 0.050
-0.706 0.000 -0.708 33.007
object
02801938/c1abb91a5a9e2ea36d0c80f3bebb5ec0
wnid
02801938
scale
0.0177114876569
transformation
-0.556 0.000 0.831 49.112
0.000 1.000 0.000 0.050
-0.831 0.000 -0.556 38.845
object
03938244/2873ef9354972727b376ecd25749b977
wnid
03938244
scale
0.0375101559227
transformation
0.944 0.000 0.330 48.697
0.000 1.000 0.000 0.050
-0.330 0.000 0.944 40.762
object
02801938/c1abb91a5a9e2ea36d0c80f3bebb5ec0
wnid
02801938
scale
0.00767980806349
transformation
-0.671 0.000 0.741 50.090
0.000 1.000 0.000 0.050
-0.741 0.000 -0.671 42.170
object
02924116/eb073520d0c4db4d346f9a49ab523ba7
wnid
02924116
scale
0.0610282218054
transformation
-0.135 0.000 -0.991 51.548
0.000 1.000 0.000 0.050
0.991 0.000 -0.135 43.257
object
04099429/59389aac7b1ea9b09b28f5f9cf8893b5
wnid
04099429
scale
0.0225196782232
transformation
0.912 0.000 -0.410 50.195
0.000 1.000 0.000 0.050
0.410 0.000 0.912 39.549
object
03928116/bd586b69c27f05c8fcb3c6c0ffedec6
wnid
03928116
scale
0.0284908759441
transformation
0.677 0.000 -0.736 50.734
0.000 1.000 0.000 0.050
0.736 0.000 0.677 41.637
object
04099429/56c13d294f8afb1ffb88d148e845f82e
wnid
04099429
scale
0.00338355879549
transformation
0.193 0.000 -0.981 48.807
0.000 1.000 0.000 0.050
0.981 0.000 0.193 43.469
object
04099429/59389aac7b1ea9b09b28f5f9cf8893b5
wnid
04099429
scale
0.0128596215273
transformation
-0.991 0.000 0.137 50.842
0.000 1.000 0.000 0.050
-0.137 0.000 -0.991 42.521
object
03928116/4935addf7de12539c273f5d1e0123211
wnid
03928116
scale
0.0228984426084
transformation
0.282 0.000 -0.959 50.135
0.000 1.000 0.000 0.050
0.959 0.000 0.282 40.222
object
04099429/59389aac7b1ea9b09b28f5f9cf8893b5
wnid
04099429
scale
0.0263898379478
transformation
0.476 0.000 -0.879 50.944
0.000 1.000 0.000 0.050
0.879 0.000 0.476 39.730
object
02924116/6b5c172c49f15064e550942ea36e5443
wnid
02924116
scale
0.0664793683622
transformation
-0.983 0.000 0.182 50.359
0.000 1.000 0.000 0.050
-0.182 0.000 -0.983 40.612
object
02924116/6b5c172c49f15064e550942ea36e5443
wnid
02924116
scale
0.0321850338459
transformation
-0.894 0.000 0.448 50.436
0.000 1.000 0.000 0.050
-0.448 0.000 -0.894 39.650
object
03928116/ac47e870aee0ecf5c4dbe872a948b23
wnid
03928116
scale
0.0142272571924
transformation
-0.076 0.000 -0.997 50.078
0.000 1.000 0.000 0.050
0.997 0.000 -0.076 42.603
object
03928116/bd586b69c27f05c8fcb3c6c0ffedec6
wnid
03928116
scale
0.0279278589231
transformation
0.073 0.000 0.997 50.574
0.000 1.000 0.000 0.050
-0.997 0.000 0.073 37.974
object
02801938/c1abb91a5a9e2ea36d0c80f3bebb5ec0
wnid
02801938
scale
0.00865340837605
transformation
0.317 0.000 -0.948 32.366
0.000 1.000 0.000 0.050
0.948 0.000 0.317 41.447
object
02924116/eb073520d0c4db4d346f9a49ab523ba7
wnid
02924116
scale
0.0864215584078
transformation
0.866 0.000 0.501 30.192
0.000 1.000 0.000 0.050
-0.501 0.000 0.866 40.835
object
04099429/56c13d294f8afb1ffb88d148e845f82e
wnid
04099429
scale
0.0131370270893
transformation
0.229 0.000 0.973 28.620
0.000 1.000 0.000 0.050
-0.973 0.000 0.229 36.447
object
04099429/56c13d294f8afb1ffb88d148e845f82e
wnid
04099429
scale
0.00826820457117
transformation
0.916 0.000 0.401 29.503
0.000 1.000 0.000 0.050
-0.401 0.000 0.916 36.001
object
02691156/7f2d03635180db2137678474be485ca
wnid
02691156
scale
0.0420291849596
transformation
0.938 0.000 0.346 30.754
0.000 1.000 0.000 0.050
-0.346 0.000 0.938 36.630
object
02801938/c1abb91a5a9e2ea36d0c80f3bebb5ec0
wnid
02801938
scale
0.00894102008833
transformation
0.737 0.000 0.676 31.115
0.000 1.000 0.000 0.050
-0.676 0.000 0.737 35.686
object
03928116/bd586b69c27f05c8fcb3c6c0ffedec6
wnid
03928116
scale
0.0337516675122
transformation
-0.994 0.000 -0.110 28.614
0.000 1.000 0.000 0.050
0.110 0.000 -0.994 37.303
object
02691156/7f2d03635180db2137678474be485ca
wnid
02691156
scale
0.0182497735114
transformation
-0.909 0.000 0.417 30.870
0.000 1.000 0.000 0.050
-0.417 0.000 -0.909 38.037
object
04099429/59389aac7b1ea9b09b28f5f9cf8893b5
wnid
04099429
scale
0.0203418411018
transformation
0.214 0.000 0.977 30.681
0.000 1.000 0.000 0.050
-0.977 0.000 0.214 39.618
object
02691156/7f2d03635180db2137678474be485ca
wnid
02691156
scale
0.0508808944482
transformation
-0.645 0.000 -0.764 31.085
0.000 1.000 0.000 0.050
0.764 0.000 -0.645 37.693
object
03928116/ac47e870aee0ecf5c4dbe872a948b23
wnid
03928116
scale
0.0199558622376
transformation
0.962 0.000 -0.273 29.190
0.000 1.000 0.000 0.050
0.273 0.000 0.962 38.966
end