layout_file: ./suncg/house/fffeb1ec4c22ee4b96aa8f8acc564721/houseOneFloor.obj
object
03928116/ac47e870aee0ecf5c4dbe872a948b23
wnid
03928116
scale
0.00497097041832
transformation
0.651 0.000 -0.759 40.898
0.000 1.000 0.000 0.050
0.759 0.000 0.651 40.016
object
04099429/56c13d294f8afb1ffb88d148e845f82e
wnid
04099429
scale
0.0176544793094
transformation
0.932 0.000 -0.361 40.877
0.000 1.000 0.000 0.050
0.361 0.000 0.932 38.818
object
02924116/eb073520d0c4db4d346f9a49ab523ba7
wnid
02924116
scale
0.119156944655
transformation
-0.935 0.000 0.355 41.714
0.000 1.000 0.000 0.050
-0.355 0.000 -0.935 39.955
object
02924116/6b5c172c49f15064e550942ea36e5443
wnid
02924116
scale
0.0201781238344
transformation
0.813 0.000 0.582 42.061
0.000 1.000 0.000 0.050
-0.582 0.000 0.813 41.350
object
04099429/56c13d294f8afb1ffb88d148e845f82e
wnid
04099429
scale
0.00860914906617
transformation
0.258 0.000 -0.966 43.876
0.000 1.000 0.000 0.050
0.966 0.000 0.258 41.928
object
03928116/4935addf7de12539c273f5d1e0123211
wnid
03928116
scale
0.00796953433015
transformation
0.862 0.000 0.507 50.072
0.000 1.000 0.000 0.050
-0.507 0.000 0.862 41.884
object
03928116/4935addf7de12539c273f5d1e0123211
wnid
03928116
scale
0.0167788146211
transformation
0.822 0.000 -0.569 43.067
0.000 1.000 0.000 0.050
0.569 0.000 0.822 41.925
object
03928116/ac47e870aee0ecf5c4dbe872a948b23
wnid
03928116
scale
0.0115971613431
transformation
0.438 0.000 -0.899 46.030
0.000 1.000 0.000 0.050
0.899 0.000 0.438 41.777
object
02691156/7f2d03635180db2137678474be485ca
wnid
02691156
scale
0.0705004264081
transformation
0.926 0.000 0.377 49.093
0.000 1.000 0.000 0.050
-0.377 0.000 0.926 41.384
object
03938244/2873ef9354972727b376ecd25749b977
wnid
03938244
scale
0.0425633254626
transformation
-0.261 0.000 -0.965 48.138
0.000 1.000 0.000 0.050
0.965 0.000 -0.261 41.255
object
03928116/ac47e870aee0ecf5c4dbe872a948b23
wnid
03928116
scale
0.0263840937022
transformation
-0.931 0.000 0.365 49.477
0.000 1.000 0.000 0.050
-0.365 0.000 -0.931 41.887
object
04099429/56c13d294f8afb1ffb88d148e845f82e
wnid
04099429
scale
0.011949296009
transformation
0.216 0.000 0.976 49.564
0.000 1.000 0.000 0.050
-0.976 0.000 0.216 41.485
object
02924116/eb073520d0c4db4d346f9a49ab523ba7
wnid
02924116
scale
0.0449126173543
transformation
-0.483 0.000 -0.875 42.807
0.000 1.000 0.000 0.050
0.875 0.000 -0.483 40.234
object
02691156/7f2d03635180db2137678474be485ca
wnid
02691156
scale
0.0484345902255
transformation
0.734 0.000 0.679 44.341
0.000 1.000 0.000 0.050
-0.679 0.000 0.734 40.204
object
04099429/59389aac7b1ea9b09b28f5f9cf8893b5
wnid
04099429
scale
0.021543915937
transformation
-0.996 0.000 0.087 44.731
0.000 1.000 0.000 0.050
-0.087 0.000 -0.996 37.595
object
03928116/bd586b69c27f05c8fcb3c6c0ffedec6
wnid
03928116
scale
0.0269884498913
transformation
-0.096 0.000 -0.995 45.111
0.000 1.000 0.000 0.050
0.995 0.000 -0.096 39.324
object
03928116/4935addf7de12539c273f5d1e0123211
wnid
03928116
scale
0.0147924619468
transformation
0.994 0.000 0.109 42.725
0.000 1.000 0.000 0.050
-0.109 0.000 0.994 37.725
object
03928116/4935addf7de12539c273f5d1e0123211
wnid
03928116
scale
0.0247382505597
transformation
0.541 0.000 0.841 38.134
0.000 1.000 0.000 0.050
-0.841 0.000 0.541 39.588
object
02801938/c1abb91a5a9e2ea36d0c80f3bebb5ec0
wnid
02801938
scale
0.00943929140392
transformation
-0.834 0.000 -0.551 39.699
0.000 1.000 0.000 0.050
0.551 0.000 -0.834 38.194
object
04099429/59389aac7b1ea9b09b28f5f9cf8893b5
wnid
04099429
scale
0.0109625691701
transformation
-0.578 0.000 -0.816 39.805
0.000 1.000 0.000 0.050
0.816 0.000 -0.578 40.155
object
04099429/59389aac7b1ea9b09b28f5f9cf8893b5
wnid
04099429
scale
0.012720853265
transformation
0.829 0.000 -0.559 35.896
0.000 1.000 0.000 0.050
0.559 0.000 0.829 40.927
object
03938244/2873ef9354972727b376ecd25749b977
wnid
03938244
scale
0.0584473223348
transformation
-0.958 0.000 -0.287 34.531
0.000 1.000 0.000 0.050
0.287 0.000 -0.958 38.712
object
03928116/ac47e870aee0ecf5c4dbe872a948b23
wnid
03928116
scale
0.010879778837
transformation
0.288 0.000 0.958 35.670
0.000 1.000 0.000 0.050
-0.958 0.000 0.288 38.003
object
02924116/6b5c172c49f15064e550942ea36e5443
wnid
02924116
scale
0.0491040046291
transformation
0.320 0.000 -0.948 37.355
0.000 1.000 0.000 0.050
0.948 0.000 0.320 42.304
object
04099429/56c13d294f8afb1ffb88d148e845f82e
wnid
04099429
scale
0.0123766341475
transformation
-0.210 0.000 0.978 34.858
0.000 1.000 0.000 0.050
-0.978 0.000 -0.210 40.703
object
03928116/4935addf7de12539c273f5d1e0123211
wnid
03928116
scale
0.0172256174064
transformation
-0.802 0.000 0.598 37.438
0.000 1.000 0.000 0.050
-0.598 0.000 -0.802 40.311
object
02924116/6b5c172c49f15064e550942ea36e5443
wnid
02924116
scale
0.0538570000123
transformation
0.092 0.000 -0.996 37.053
0.000 1.000 0.000 0.050
0.996 0.000 0.092 38.939
object
02801938/c1abb91a5a9e2ea36d0c80f3bebb5ec0
wnid
02801938
scale
0.00354088026487
transformation
-0.018 0.000 1.000 35.943
0.000 1.000 0.000 0.050
-1.000 0.000 -0.018 40.738
object
04099429/59389aac7b1ea9b09b28f5f9cf8893b5
wnid
04099429
scale
0.0165395692868
transformation
-0.776 0.000 0.630 46.935
0.000 1.000 0.000 0.050
-0.630 0.000 -0.776 37.674
object
02801938/c1abb91a5a9e2ea36d0c80f3bebb5ec0
wnid
02801938
scale
0.010447871465
transformation
-0.099 0.000 0.995 46.939
0.000 1.000 0.000 0.050
-0.995 0.000 -0.099 39.134
object
04099429/56c13d294f8afb1ffb88d148e845f82e
wnid
04099429
scale
0.00439452781838
transformation
0.871 0.000 0.492 47.717
0.000 1.000 0.000 0.050
-0.492 0.000 0.871 38.288
object
03938244/2873ef9354972727b376ecd25749b977
wnid
03938244
scale
0.0536367831758
transformation
-0.399 0.000 -0.917 46.568
0.000 1.000 0.000 0.050
0.917 0.000 -0.399 40.277
object
03938244/2873ef9354972727b376ecd25749b977
wnid
03938244
scale
0.0712222486914
transformation
0.900 0.000 -0.436 46.233
0.000 1.000 0.000 0.050
0.436 0.000 0.900 39.386
object
02924116/6b5c172c49f15064e550942ea36e5443
wnid
02924116
scale
0.0254339206455
transformation
0.909 0.000 -0.417 48.303
0.000 1.000 0.000 0.050
0.417 0.000 0.909 38.872
object
02924116/eb073520d0c4db4d346f9a49ab523ba7
wnid
02924116
scale
0.0559077375421
transformation
-0.975 0.000 -0.221 46.424
0.000 1.000 0.000 0.050
0.221 0.000 -0.975 40.558
object
02801938/c1abb91a5a9e2ea36d0c80f3bebb5ec0
wnid
02801938
scale
0.0192773625821
transformation
0.965 0.000 -0.263 37.659
0.000 1.000 0.000 0.050
0.263 0.000 0.965 45.421
object
03928116/bd586b69c27f05c8fcb3c6c0ffedec6
wnid
03928116
scale
0.0148509703799
transformation
0.825 0.000 -0.565 51.806
0.000 1.000 0.000 0.050
0.565 0.000 0.825 45.422
object
03928116/4935addf7de12539c273f5d1e0123211
wnid
03928116
scale
0.0298535560761
transformation
0.727 0.000 0.686 52.023
0.000 1.000 0.000 0.050
-0.686 0.000 0.727 41.978
object
02801938/c1abb91a5a9e2ea36d0c80f3bebb5ec0
wnid
02801938
scale
0.00771075315569
transformation
0.361 0.000 0.933 33.083
0.000 1.000 0.000 0.050
-0.933 0.000 0.361 26.092
object
03928116/ac47e870aee0ecf5c4dbe872a948b23
wnid
03928116
scale
0.0162025732278
transformation
0.912 0.000 -0.409 35.365
0.000 1.000 0.000 0.050
0.409 0.000 0.912 25.963
object
02691156/7f2d03635180db2137678474be485ca
wnid
02691156
scale
0.044963870544
transformation
0.996 0.000 -0.085 35.290
0.000 1.000 0.000 0.050
0.085 0.000 0.996 29.916
object
02691156/7f2d03635180db2137678474be485ca
wnid
02691156
scale
0.0139112851224
transformation
-0.987 0.000 0.160 34.786
0.000 1.000 0.000 0.050
-0.160 0.000 -0.987 29.506
object
02801938/c1abb91a5a9e2ea36d0c80f3bebb5ec0
wnid
02801938
scale
0.00372024077634
transformation
0.593 0.000 0.805 33.608
0.000 1.000 0.000 0.050
-0.805 0.000 0.593 25.685
object
03928116/bd586b69c27f05c8fcb3c6c0ffedec6
wnid
03928116
scale
0.015008953121
transformation
-0.713 0.000 -0.701 35.139
0.000 1.000 0.000 0.050
0.701 0.000 -0.713 26.948
object
02691156/7f2d03635180db2137678474be485ca
wnid
02691156
scale
0.0472071858349
transformation
-0.138 0.000 0.990 34.106
0.000 1.000 0.000 0.050
-0.990 0.000 -0.138 26.169
object
03928116/ac47e870aee0ecf5c4dbe872a948b23
wnid
03928116
scale
0.0247896670157
transformation
0.446 0.000 0.895 35.989
0.000 1.000 0.000 0.050
-0.895 0.000 0.446 25.148
object
03928116/bd586b69c27f05c8fcb3c6c0ffedec6
wnid
03928116
scale
0.031734798355
transformation
-0.939 0.000 -0.343 35.231
0.000 1.000 0.000 0.050
0.343 0.000 -0.939 26.492
object
03928116/bd586b69c27f05c8fcb3c6c0ffedec6
wnid
03928116
scale
0.0101920747887
transformation
0.578 0.000 0.816 33.834
0.000 1.000 0.000 0.050
-0.816 0.000 0.578 21.433
object
03928116/4935addf7de12539c273f5d1e0123211
wnid
03928116
scale
0.0382757470086
transformation
-0.997 0.000 0.071 34.477
0.000 1.000 0.000 0.050
-0.071 0.000 -0.997 22.304
object
02691156/7f2d03635180db2137678474be485ca
wnid
02691156
scale
0.0256430654018
transformation
0.812 0.000 0.583 34.097
0.000 1.000 0.000 0.050
-0.583 0.000 0.812 21.189
object
02924116/eb073520d0c4db4d346f9a49ab523ba7
wnid
02924116
scale
0.0611042262162
transformation
0.633 0.000 -0.774 31.596
0.000 1.000 0.000 0.050
0.774 0.000 0.633 24.888
object
02924116/eb073520d0c4db4d346f9a49ab523ba7
wnid
02924116
scale
0.0614640499861
transformation
0.164 0.000 -0.987 34.450
0.000 1.000 0.000 0.050
0.987 0.000 0.164 23.711
object
03928116/bd586b69c27f05c8fcb3c6c0ffedec6
wnid
03928116
scale
0.0194777785829
transformation
-0.509 0.000 -0.861 38.350
0.000 1.000 0.000 0.050
0.861 0.000 -0.509 24.227
object
03938244/2873ef9354972727b376ecd25749b977
wnid
03938244
scale
0.0541948747334
transformation
-0.246 0.000 0.969 37.990
0.000 1.000 0.000 0.050
-0.969 0.000 -0.246 24.035
object
02801938/c1abb91a5a9e2ea36d0c80f3bebb5ec0
wnid
02801938
scale
0.00579573162551
transformation
0.387 0.000 -0.922 39.531
0.000 1.000 0.000 0.050
0.922 0.000 0.387 20.964
object
03928116/bd586b69c27f05c8fcb3c6c0ffedec6
wnid
03928116
scale
0.0128463583118
transformation
0.698 0.000 -0.716 36.665
0.000 1.000 0.000 0.050
0.716 0.000 0.698 22.174
object
03928116/4935addf7de12539c273f5d1e0123211
wnid
03928116
scale
0.0446434575299
transformation
0.084 0.000 -0.996 39.216
0.000 1.000 0.000 0.050
0.996 0.000 0.084 21.972
object
03938244/2873ef9354972727b376ecd25749b977
wnid
03938244
scale
0.0745841914042
transformation
-0.293 0.000 -0.956 38.314
0.000 1.000 0.000 0.050
0.956 0.000 -0.293 20.789
object
03928116/bd586b69c27f05c8fcb3c6c0ffedec6
wnid
03928116
scale
0.0108083069104
transformation
0.982 0.000 0.190 37.712
0.000 1.000 0.000 0.050
-0.190 0.000 0.982 26.147
object
04099429/56c13d294f8afb1ffb88d148e845f82e
wnid
04099429
scale
0.00993752751084
transformation
0.485 0.000 -0.875 38.039
0.000 1.000 0.000 0.050
0.875 0.000 0.485 26.503
object
03928116/4935addf7de12539c273f5d1e0123211
wnid
03928116
scale
0.0152358062029
transformation
-0.960 0.000 -0.279 38.204
0.000 1.000 0.000 0.050
0.279 0.000 -0.960 28.925
end