layout_file: ./suncg/house/fffeb1ec4c22ee4b96aa8f8acc564721/houseOneFloor.obj
object
04099429/59389aac7b1ea9b09b28f5f9cf8893b5
wnid
04099429
scale
0.00901100355639
transformation
1.000 0.000 -0.005 41.894
0.000 1.000 0.000 0.050
0.005 0.000 1.000 40.197
object
02924116/6b5c172c49f15064e550942ea36e5443
wnid
02924116
scale
0.0781210108684
transformation
0.371 0.000 0.929 42.100
0.000 1.000 0.000 0.050
-0.929 0.000 0.371 39.170
object
03928116/bd586b69c27f05c8fcb3c6c0ffedec6
wnid
03928116
scale
0.0350696285442
transformation
0.906 0.000 0.424 42.374
0.000 1.000 0.000 0.050
-0.424 0.000 0.906 41.428
object
04099429/56c13d294f8afb1ffb88d148e845f82e
wnid
04099429
scale
0.0150153929807
transformation
-0.965 0.000 -0.260 46.286
0.000 1.000 0.000 0.050
0.260 0.000 -0.965 40.897
object
02801938/c1abb91a5a9e2ea36d0c80f3bebb5ec0
wnid
02801938
scale
0.0135386454718
transformation
-0.417 0.000 -0.909 48.732
0.000 1.000 0.000 0.050
0.909 0.000 -0.417 40.729
object
02801938/c1abb91a5a9e2ea36d0c80f3bebb5ec0
wnid
02801938
scale
0.00927688323904
transformation
-0.175 0.000 0.985 43.359
0.000 1.000 0.000 0.050
-0.985 0.000 -0.175 41.371
object
02924116/6b5c172c49f15064e550942ea36e5443
wnid
02924116
scale
0.0591850487239
transformation
0.701 0.000 -0.713 39.282
0.000 1.000 0.000 0.050
0.713 0.000 0.701 41.222
object
04099429/56c13d294f8afb1ffb88d148e845f82e
wnid
04099429
scale
0.0143894260245
transformation
0.387 0.000 -0.922 44.080
0.000 1.000 0.000 0.050
0.922 0.000 0.387 41.221
object
02924116/6b5c172c49f15064e550942ea36e5443
wnid
02924116
scale
0.0388758195306
transformation
-0.105 0.000 -0.994 42.584
0.000 1.000 0.000 0.050
0.994 0.000 -0.105 41.087
object
03928116/bd586b69c27f05c8fcb3c6c0ffedec6
wnid
03928116
scale
0.0101968195668
transformation
-0.920 0.000 -0.393 40.432
0.000 1.000 0.000 0.050
0.393 0.000 -0.920 41.495
object
02691156/7f2d03635180db2137678474be485ca
wnid
02691156
scale
0.065138430324
transformation
-0.289 0.000 0.957 38.771
0.000 1.000 0.000 0.050
-0.957 0.000 -0.289 41.315
object
03938244/2873ef9354972727b376ecd25749b977
wnid
03938244
scale
0.0480951660968
transformation
0.758 0.000 0.653 42.627
0.000 1.000 0.000 0.050
-0.653 0.000 0.758 41.037
object
02691156/7f2d03635180db2137678474be485ca
wnid
02691156
scale
0.0545087995415
transformation
0.433 0.000 -0.901 44.535
0.000 1.000 0.000 0.050
0.901 0.000 0.433 39.284
object
02801938/c1abb91a5a9e2ea36d0c80f3bebb5ec0
wnid
02801938
scale
0.0106495225324
transformation
-0.971 0.000 0.238 43.463
0.000 1.000 0.000 0.050
-0.238 0.000 -0.971 40.162
object
03928116/4935addf7de12539c273f5d1e0123211
wnid
03928116
scale
0.0170543974157
transformation
0.989 0.000 0.146 42.616
0.000 1.000 0.000 0.050
-0.146 0.000 0.989 39.421
object
03928116/4935addf7de12539c273f5d1e0123211
wnid
03928116
scale
0.00559848530165
transformation
-0.983 0.000 0.184 44.583
0.000 1.000 0.000 0.050
-0.184 0.000 -0.983 39.092
object
04099429/59389aac7b1ea9b09b28f5f9cf8893b5
wnid
04099429
scale
0.0081718310448
transformation
0.992 0.000 -0.128 40.105
0.000 1.000 0.000 0.050
0.128 0.000 0.992 40.487
object
02691156/7f2d03635180db2137678474be485ca
wnid
02691156
scale
0.0618593359434
transformation
0.381 0.000 0.925 38.956
0.000 1.000 0.000 0.050
-0.925 0.000 0.381 37.874
object
03928116/4935addf7de12539c273f5d1e0123211
wnid
03928116
scale
0.0274330387978
transformation
-0.981 0.000 0.195 37.977
0.000 1.000 0.000 0.050
-0.195 0.000 -0.981 39.971
object
02924116/6b5c172c49f15064e550942ea36e5443
wnid
02924116
scale
0.0427910247149
transformation
0.669 0.000 0.743 37.500
0.000 1.000 0.000 0.050
-0.743 0.000 0.669 39.576
object
03928116/4935addf7de12539c273f5d1e0123211
wnid
03928116
scale
0.0284833587182
transformation
-0.258 0.000 -0.966 34.765
0.000 1.000 0.000 0.050
0.966 0.000 -0.258 39.361
object
03928116/ac47e870aee0ecf5c4dbe872a948b23
wnid
03928116
scale
0.0231630102224
transformation
-0.806 0.000 -0.592 37.377
0.000 1.000 0.000 0.050
0.592 0.000 -0.806 37.791
object
02691156/7f2d03635180db2137678474be485ca
wnid
02691156
scale
0.075771303979
transformation
-0.585 0.000 -0.811 37.496
0.000 1.000 0.000 0.050
0.811 0.000 -0.585 38.135
object
03928116/ac47e870aee0ecf5c4dbe872a948b23
wnid
03928116
scale
0.0435665108319
transformation
-0.261 0.000 0.965 36.386
0.000 1.000 0.000 0.050
-0.965 0.000 -0.261 39.258
object
02801938/c1abb91a5a9e2ea36d0c80f3bebb5ec0
wnid
02801938
scale
0.00756210150982
transformation
0.892 0.000 -0.451 37.170
0.000 1.000 0.000 0.050
0.451 0.000 0.892 37.566
object
03928116/bd586b69c27f05c8fcb3c6c0ffedec6
wnid
03928116
scale
0.00899975217962
transformation
-0.484 0.000 -0.875 35.810
0.000 1.000 0.000 0.050
0.875 0.000 -0.484 39.008
object
04099429/56c13d294f8afb1ffb88d148e845f82e
wnid
04099429
scale
0.0122741371545
transformation
-0.487 0.000 -0.874 35.574
0.000 1.000 0.000 0.050
0.874 0.000 -0.487 38.730
object
02924116/eb073520d0c4db4d346f9a49ab523ba7
wnid
02924116
scale
0.0133027147056
transformation
-0.470 0.000 0.883 45.891
0.000 1.000 0.000 0.050
-0.883 0.000 -0.470 40.132
object
03938244/2873ef9354972727b376ecd25749b977
wnid
03938244
scale
0.0559289481422
transformation
0.157 0.000 0.988 48.785
0.000 1.000 0.000 0.050
-0.988 0.000 0.157 39.650
object
02924116/6b5c172c49f15064e550942ea36e5443
wnid
02924116
scale
0.0747854735758
transformation
0.017 0.000 -1.000 45.979
0.000 1.000 0.000 0.050
1.000 0.000 0.017 39.984
object
03928116/ac47e870aee0ecf5c4dbe872a948b23
wnid
03928116
scale
0.0255483300614
transformation
0.900 0.000 -0.436 47.915
0.000 1.000 0.000 0.050
0.436 0.000 0.900 40.234
object
03928116/bd586b69c27f05c8fcb3c6c0ffedec6
wnid
03928116
scale
0.012377427954
transformation
0.860 0.000 0.511 47.273
0.000 1.000 0.000 0.050
-0.511 0.000 0.860 39.896
object
04099429/56c13d294f8afb1ffb88d148e845f82e
wnid
04099429
scale
0.00849041550813
transformation
0.932 0.000 -0.362 48.122
0.000 1.000 0.000 0.050
0.362 0.000 0.932 37.510
object
03928116/bd586b69c27f05c8fcb3c6c0ffedec6
wnid
03928116
scale
0.0223953353993
transformation
-0.007 0.000 1.000 34.187
0.000 1.000 0.000 0.050
-1.000 0.000 -0.007 29.184
object
02924116/eb073520d0c4db4d346f9a49ab523ba7
wnid
02924116
scale
0.0463903356333
transformation
-0.078 0.000 -0.997 34.180
0.000 1.000 0.000 0.050
0.997 0.000 -0.078 26.292
object
03928116/4935addf7de12539c273f5d1e0123211
wnid
03928116
scale
0.00937753208354
transformation
0.966 0.000 -0.259 31.889
0.000 1.000 0.000 0.050
0.259 0.000 0.966 27.761
object
02691156/7f2d03635180db2137678474be485ca
wnid
02691156
scale
0.0993024911072
transformation
-0.395 0.000 0.919 35.565
0.000 1.000 0.000 0.050
-0.919 0.000 -0.395 27.445
object
03928116/bd586b69c27f05c8fcb3c6c0ffedec6
wnid
03928116
scale
0.0265794787444
transformation
0.999 0.000 0.043 32.022
0.000 1.000 0.000 0.050
-0.043 0.000 0.999 25.183
object
03928116/ac47e870aee0ecf5c4dbe872a948b23
wnid
03928116
scale
0.0227957083828
transformation
0.548 0.000 0.836 36.364
0.000 1.000 0.000 0.050
-0.836 0.000 0.548 26.134
object
02801938/c1abb91a5a9e2ea36d0c80f3bebb5ec0
wnid
02801938
scale
0.00811723261671
transformation
-0.659 0.000 -0.752 34.631
0.000 1.000 0.000 0.050
0.752 0.000 -0.659 29.087
object
02924116/6b5c172c49f15064e550942ea36e5443
wnid
02924116
scale
0.0669562569809
transformation
-0.933 0.000 -0.360 31.760
0.000 1.000 0.000 0.050
0.360 0.000 -0.933 25.541
object
02801938/c1abb91a5a9e2ea36d0c80f3bebb5ec0
wnid
02801938
scale
0.00914970848485
transformation
0.845 0.000 -0.534 35.528
0.000 1.000 0.000 0.050
0.534 0.000 0.845 27.439
object
02924116/6b5c172c49f15064e550942ea36e5443
wnid
02924116
scale
0.0206594572956
transformation
0.596 0.000 0.803 32.858
0.000 1.000 0.000 0.050
-0.803 0.000 0.596 29.307
object
03938244/2873ef9354972727b376ecd25749b977
wnid
03938244
scale
0.0628627640161
transformation
0.445 0.000 -0.896 33.331
0.000 1.000 0.000 0.050
0.896 0.000 0.445 28.717
object
03928116/4935addf7de12539c273f5d1e0123211
wnid
03928116
scale
0.0214205748582
transformation
0.691 0.000 0.723 36.422
0.000 1.000 0.000 0.050
-0.723 0.000 0.691 29.116
object
03938244/2873ef9354972727b376ecd25749b977
wnid
03938244
scale
0.0322565112779
transformation
1.000 0.000 -0.014 35.987
0.000 1.000 0.000 0.050
0.014 0.000 1.000 27.530
object
02691156/7f2d03635180db2137678474be485ca
wnid
02691156
scale
0.0102304359751
transformation
0.685 0.000 0.729 33.788
0.000 1.000 0.000 0.050
-0.729 0.000 0.685 27.047
object
02924116/6b5c172c49f15064e550942ea36e5443
wnid
02924116
scale
0.0119561640714
transformation
-0.933 0.000 -0.360 32.675
0.000 1.000 0.000 0.050
0.360 0.000 -0.933 25.829
object
03928116/bd586b69c27f05c8fcb3c6c0ffedec6
wnid
03928116
scale
0.0171598422883
transformation
0.878 0.000 0.478 32.159
0.000 1.000 0.000 0.050
-0.478 0.000 0.878 20.238
object
02801938/c1abb91a5a9e2ea36d0c80f3bebb5ec0
wnid
02801938
scale
0.0125250995573
transformation
0.276 0.000 0.961 33.605
0.000 1.000 0.000 0.050
-0.961 0.000 0.276 21.476
object
03928116/ac47e870aee0ecf5c4dbe872a948b23
wnid
03928116
scale
0.00522353818589
transformation
0.470 0.000 0.883 35.081
0.000 1.000 0.000 0.050
-0.883 0.000 0.470 21.941
object
03928116/ac47e870aee0ecf5c4dbe872a948b23
wnid
03928116
scale
0.0278254271994
transformation
-0.283 0.000 0.959 34.579
0.000 1.000 0.000 0.050
-0.959 0.000 -0.283 21.767
object
02801938/c1abb91a5a9e2ea36d0c80f3bebb5ec0
wnid
02801938
scale
0.0127849919095
transformation
-0.229 0.000 0.974 35.383
0.000 1.000 0.000 0.050
-0.974 0.000 -0.229 23.890
object
03928116/ac47e870aee0ecf5c4dbe872a948b23
wnid
03928116
scale
0.0122988364952
transformation
0.976 0.000 -0.220 34.488
0.000 1.000 0.000 0.050
0.220 0.000 0.976 24.798
object
02801938/c1abb91a5a9e2ea36d0c80f3bebb5ec0
wnid
02801938
scale
0.0167239161538
transformation
0.918 0.000 0.396 36.434
0.000 1.000 0.000 0.050
-0.396 0.000 0.918 24.742
object
02924116/eb073520d0c4db4d346f9a49ab523ba7
wnid
02924116
scale
0.0293524788319
transformation
-0.438 0.000 -0.899 34.735
0.000 1.000 0.000 0.050
0.899 0.000 -0.438 23.495
object
02924116/6b5c172c49f15064e550942ea36e5443
wnid
02924116
scale
0.0403505197513
transformation
0.882 0.000 -0.472 36.516
0.000 1.000 0.000 0.050
0.472 0.000 0.882 24.398
object
02924116/eb073520d0c4db4d346f9a49ab523ba7
wnid
02924116
scale
0.0508750686678
transformation
-0.542 0.000 0.840 37.048
0.000 1.000 0.000 0.050
-0.840 0.000 -0.542 20.879
object
03928116/ac47e870aee0ecf5c4dbe872a948b23
wnid
03928116
scale
0.0162905969189
transformation
-0.065 0.000 0.998 38.356
0.000 1.000 0.000 0.050
-0.998 0.000 -0.065 21.177
object
04099429/56c13d294f8afb1ffb88d148e845f82e
wnid
04099429
scale
0.0137940116805
transformation
-0.980 0.000 -0.201 36.820
0.000 1.000 0.000 0.050
0.201 0.000 -0.980 22.722
object
03938244/2873ef9354972727b376ecd25749b977
wnid
03938244
scale
0.0836461698628
transformation
1.000 0.000 -0.020 38.962
0.000 1.000 0.000 0.050
0.020 0.000 1.000 25.250
object
02691156/7f2d03635180db2137678474be485ca
wnid
02691156
scale
0.0408637034771
transformation
0.714 0.000 -0.701 39.662
0.000 1.000 0.000 0.050
0.701 0.000 0.714 29.115
object
04099429/59389aac7b1ea9b09b28f5f9cf8893b5
wnid
04099429
scale
0.0164009869423
transformation
-0.756 0.000 0.654 38.573
0.000 1.000 0.000 0.050
-0.654 0.000 -0.756 29.155
object
02691156/7f2d03635180db2137678474be485ca
wnid
02691156
scale
0.0640199991673
transformation
0.144 0.000 -0.990 38.205
0.000 1.000 0.000 0.050
0.990 0.000 0.144 28.507
object
02924116/6b5c172c49f15064e550942ea36e5443
wnid
02924116
scale
0.0548491597437
transformation
-0.680 0.000 0.733 36.917
0.000 1.000 0.000 0.050
-0.733 0.000 -0.680 26.877
object
04099429/59389aac7b1ea9b09b28f5f9cf8893b5
wnid
04099429
scale
0.0213928294683
transformation
-0.007 0.000 -1.000 37.859
0.000 1.000 0.000 0.050
1.000 0.000 -0.007 27.752
end