layout_file: ./suncg/house/house2/house.obj
object
02924116/6b5c172c49f15064e550942ea36e5443
wnid
02924116
scale
0.0591995307013
transformation
-0.824 0.000 -0.567 42.457
0.000 1.000 0.000 0.050
0.567 0.000 -0.824 40.324
object
03928116/ac47e870aee0ecf5c4dbe872a948b23
wnid
03928116
scale
0.0195858170149
transformation
-0.792 0.000 -0.610 40.370
0.000 1.000 0.000 0.050
0.610 0.000 -0.792 39.611
object
03928116/bd586b69c27f05c8fcb3c6c0ffedec6
wnid
03928116
scale
0.0267317892231
transformation
0.625 0.000 -0.781 39.781
0.000 1.000 0.000 0.050
0.781 0.000 0.625 41.796
object
02924116/eb073520d0c4db4d346f9a49ab523ba7
wnid
02924116
scale
0.0133200189378
transformation
-0.993 0.000 0.121 41.157
0.000 1.000 0.000 0.050
-0.121 0.000 -0.993 41.885
object
03928116/4935addf7de12539c273f5d1e0123211
wnid
03928116
scale
0.0134999109282
transformation
-0.204 0.000 0.979 39.272
0.000 1.000 0.000 0.050
-0.979 0.000 -0.204 41.265
object
03928116/ac47e870aee0ecf5c4dbe872a948b23
wnid
03928116
scale
0.0203400522501
transformation
0.520 0.000 0.854 38.407
0.000 1.000 0.000 0.050
-0.854 0.000 0.520 42.373
object
02691156/7f2d03635180db2137678474be485ca
wnid
02691156
scale
0.0428600187568
transformation
-0.893 0.000 0.451 37.722
0.000 1.000 0.000 0.050
-0.451 0.000 -0.893 38.373
object
03928116/4935addf7de12539c273f5d1e0123211
wnid
03928116
scale
0.0137828629131
transformation
0.918 0.000 0.396 38.862
0.000 1.000 0.000 0.050
-0.396 0.000 0.918 41.354
object
03938244/2873ef9354972727b376ecd25749b977
wnid
03938244
scale
0.022207284352
transformation
-0.852 0.000 -0.523 38.446
0.000 1.000 0.000 0.050
0.523 0.000 -0.852 37.844
object
03938244/2873ef9354972727b376ecd25749b977
wnid
03938244
scale
0.0636656299479
transformation
-0.959 0.000 -0.284 37.779
0.000 1.000 0.000 0.050
0.284 0.000 -0.959 39.297
object
03928116/ac47e870aee0ecf5c4dbe872a948b23
wnid
03928116
scale
0.0262411352615
transformation
-0.649 0.000 -0.761 41.323
0.000 1.000 0.000 0.050
0.761 0.000 -0.649 40.626
object
03928116/ac47e870aee0ecf5c4dbe872a948b23
wnid
03928116
scale
0.0285399248948
transformation
0.615 0.000 0.788 41.049
0.000 1.000 0.000 0.050
-0.788 0.000 0.615 42.673
object
04099429/59389aac7b1ea9b09b28f5f9cf8893b5
wnid
04099429
scale
0.0193294230022
transformation
0.126 0.000 0.992 41.469
0.000 1.000 0.000 0.050
-0.992 0.000 0.126 37.272
object
03928116/4935addf7de12539c273f5d1e0123211
wnid
03928116
scale
0.015597211349
transformation
0.903 0.000 -0.429 39.339
0.000 1.000 0.000 0.050
0.429 0.000 0.903 37.141
object
03928116/4935addf7de12539c273f5d1e0123211
wnid
03928116
scale
0.0303165028
transformation
0.981 0.000 0.194 37.919
0.000 1.000 0.000 0.050
-0.194 0.000 0.981 35.538
object
03928116/bd586b69c27f05c8fcb3c6c0ffedec6
wnid
03928116
scale
0.0103079661864
transformation
0.497 0.000 0.868 44.977
0.000 1.000 0.000 0.050
-0.868 0.000 0.497 37.238
object
02924116/6b5c172c49f15064e550942ea36e5443
wnid
02924116
scale
0.0624964373035
transformation
0.796 0.000 0.606 43.960
0.000 1.000 0.000 0.050
-0.606 0.000 0.796 35.782
object
02691156/7f2d03635180db2137678474be485ca
wnid
02691156
scale
0.0646409312822
transformation
-0.996 0.000 0.095 45.468
0.000 1.000 0.000 0.050
-0.095 0.000 -0.996 33.543
object
02924116/6b5c172c49f15064e550942ea36e5443
wnid
02924116
scale
0.00396603038152
transformation
0.990 0.000 -0.142 41.446
0.000 1.000 0.000 0.050
0.142 0.000 0.990 34.586
object
03938244/2873ef9354972727b376ecd25749b977
wnid
03938244
scale
0.0677980464605
transformation
-0.612 0.000 -0.791 42.656
0.000 1.000 0.000 0.050
0.791 0.000 -0.612 34.652
object
02801938/c1abb91a5a9e2ea36d0c80f3bebb5ec0
wnid
02801938
scale
0.00254919399898
transformation
-0.557 0.000 0.831 45.939
0.000 1.000 0.000 0.050
-0.831 0.000 -0.557 32.640
object
03938244/2873ef9354972727b376ecd25749b977
wnid
03938244
scale
0.078374480777
transformation
0.364 0.000 -0.932 40.158
0.000 1.000 0.000 0.050
0.932 0.000 0.364 34.224
object
02924116/6b5c172c49f15064e550942ea36e5443
wnid
02924116
scale
0.0291344728012
transformation
-0.430 0.000 0.903 41.054
0.000 1.000 0.000 0.050
-0.903 0.000 -0.430 33.793
object
02801938/c1abb91a5a9e2ea36d0c80f3bebb5ec0
wnid
02801938
scale
0.0189075742024
transformation
-1.000 0.000 -0.016 44.182
0.000 1.000 0.000 0.050
0.016 0.000 -1.000 35.988
object
04099429/56c13d294f8afb1ffb88d148e845f82e
wnid
04099429
scale
0.0175915197873
transformation
-0.131 0.000 -0.991 42.896
0.000 1.000 0.000 0.050
0.991 0.000 -0.131 32.472
object
03938244/2873ef9354972727b376ecd25749b977
wnid
03938244
scale
0.0427764997349
transformation
0.875 0.000 -0.485 47.103
0.000 1.000 0.000 0.050
0.485 0.000 0.875 36.685
object
04099429/56c13d294f8afb1ffb88d148e845f82e
wnid
04099429
scale
0.0027761942447
transformation
0.521 0.000 0.854 39.934
0.000 1.000 0.000 0.050
-0.854 0.000 0.521 35.733
object
02924116/6b5c172c49f15064e550942ea36e5443
wnid
02924116
scale
0.0329104619392
transformation
-0.903 0.000 0.430 46.026
0.000 1.000 0.000 0.050
-0.430 0.000 -0.903 37.322
object
03928116/4935addf7de12539c273f5d1e0123211
wnid
03928116
scale
0.0318058559315
transformation
-0.062 0.000 0.998 43.178
0.000 1.000 0.000 0.050
-0.998 0.000 -0.062 33.824
object
03938244/2873ef9354972727b376ecd25749b977
wnid
03938244
scale
0.0925436434859
transformation
-0.716 0.000 -0.698 38.934
0.000 1.000 0.000 0.050
0.698 0.000 -0.716 33.688
object
03928116/ac47e870aee0ecf5c4dbe872a948b23
wnid
03928116
scale
0.0337748739943
transformation
-0.881 0.000 0.473 40.175
0.000 1.000 0.000 0.050
-0.473 0.000 -0.881 37.348
object
02924116/6b5c172c49f15064e550942ea36e5443
wnid
02924116
scale
0.0939975857645
transformation
-0.456 0.000 0.890 41.054
0.000 1.000 0.000 0.050
-0.890 0.000 -0.456 36.895
object
03928116/4935addf7de12539c273f5d1e0123211
wnid
03928116
scale
0.026061751355
transformation
0.340 0.000 -0.940 43.433
0.000 1.000 0.000 0.050
0.940 0.000 0.340 35.872
object
03938244/2873ef9354972727b376ecd25749b977
wnid
03938244
scale
0.0539936794172
transformation
0.189 0.000 0.982 38.431
0.000 1.000 0.000 0.050
-0.982 0.000 0.189 34.926
object
02801938/c1abb91a5a9e2ea36d0c80f3bebb5ec0
wnid
02801938
scale
0.00861852813291
transformation
0.820 0.000 0.572 41.701
0.000 1.000 0.000 0.050
-0.572 0.000 0.820 35.626
object
03928116/bd586b69c27f05c8fcb3c6c0ffedec6
wnid
03928116
scale
0.0142056515443
transformation
-0.453 0.000 0.892 42.469
0.000 1.000 0.000 0.050
-0.892 0.000 -0.453 34.886
object
04099429/59389aac7b1ea9b09b28f5f9cf8893b5
wnid
04099429
scale
0.00273105414686
transformation
0.743 0.000 -0.669 42.891
0.000 1.000 0.000 0.050
0.669 0.000 0.743 38.727
object
03928116/4935addf7de12539c273f5d1e0123211
wnid
03928116
scale
0.0252684271486
transformation
0.924 0.000 -0.383 43.277
0.000 1.000 0.000 0.050
0.383 0.000 0.924 37.748
object
02691156/7f2d03635180db2137678474be485ca
wnid
02691156
scale
0.0892835504952
transformation
-0.757 0.000 0.653 47.094
0.000 1.000 0.000 0.050
-0.653 0.000 -0.757 40.008
object
02691156/7f2d03635180db2137678474be485ca
wnid
02691156
scale
0.0494080142232
transformation
-0.870 0.000 -0.494 43.178
0.000 1.000 0.000 0.050
0.494 0.000 -0.870 38.833
object
04099429/59389aac7b1ea9b09b28f5f9cf8893b5
wnid
04099429
scale
0.0165577032379
transformation
-0.752 0.000 0.659 45.704
0.000 1.000 0.000 0.050
-0.659 0.000 -0.752 40.175
object
03928116/4935addf7de12539c273f5d1e0123211
wnid
03928116
scale
0.0211155363415
transformation
0.898 0.000 -0.441 46.383
0.000 1.000 0.000 0.050
0.441 0.000 0.898 41.115
object
02924116/eb073520d0c4db4d346f9a49ab523ba7
wnid
02924116
scale
0.0656952703009
transformation
0.956 0.000 -0.295 45.829
0.000 1.000 0.000 0.050
0.295 0.000 0.956 41.618
object
03928116/4935addf7de12539c273f5d1e0123211
wnid
03928116
scale
0.00940945630349
transformation
-0.731 0.000 -0.682 47.005
0.000 1.000 0.000 0.050
0.682 0.000 -0.731 40.675
object
04099429/56c13d294f8afb1ffb88d148e845f82e
wnid
04099429
scale
0.0157758595805
transformation
-0.990 0.000 0.138 47.001
0.000 1.000 0.000 0.050
-0.138 0.000 -0.990 40.794
object
02924116/6b5c172c49f15064e550942ea36e5443
wnid
02924116
scale
0.0400702565424
transformation
0.985 0.000 -0.171 42.710
0.000 1.000 0.000 0.050
0.171 0.000 0.985 42.018
object
03928116/ac47e870aee0ecf5c4dbe872a948b23
wnid
03928116
scale
0.032032785388
transformation
-0.414 0.000 -0.910 44.822
0.000 1.000 0.000 0.050
0.910 0.000 -0.414 41.496
object
02691156/7f2d03635180db2137678474be485ca
wnid
02691156
scale
0.0891092212223
transformation
-0.306 0.000 0.952 44.195
0.000 1.000 0.000 0.050
-0.952 0.000 -0.306 42.581
object
04099429/56c13d294f8afb1ffb88d148e845f82e
wnid
04099429
scale
0.0107314807682
transformation
-0.751 0.000 -0.660 46.105
0.000 1.000 0.000 0.050
0.660 0.000 -0.751 40.885
object
03938244/2873ef9354972727b376ecd25749b977
wnid
03938244
scale
0.04311906532
transformation
-0.523 0.000 0.853 47.219
0.000 1.000 0.000 0.050
-0.853 0.000 -0.523 42.632
object
04099429/59389aac7b1ea9b09b28f5f9cf8893b5
wnid
04099429
scale
0.0216248795886
transformation
0.558 0.000 0.830 49.894
0.000 1.000 0.000 0.050
-0.830 0.000 0.558 32.808
object
02691156/7f2d03635180db2137678474be485ca
wnid
02691156
scale
0.060666502457
transformation
-0.185 0.000 0.983 51.068
0.000 1.000 0.000 0.050
-0.983 0.000 -0.185 33.592
object
03938244/2873ef9354972727b376ecd25749b977
wnid
03938244
scale
0.072424942302
transformation
-0.780 0.000 -0.626 50.618
0.000 1.000 0.000 0.050
0.626 0.000 -0.780 35.734
object
02924116/eb073520d0c4db4d346f9a49ab523ba7
wnid
02924116
scale
0.0631493522135
transformation
-0.307 0.000 -0.952 51.438
0.000 1.000 0.000 0.050
0.952 0.000 -0.307 37.333
object
03928116/bd586b69c27f05c8fcb3c6c0ffedec6
wnid
03928116
scale
0.0297526665186
transformation
0.997 0.000 0.074 50.926
0.000 1.000 0.000 0.050
-0.074 0.000 0.997 37.202
object
04099429/59389aac7b1ea9b09b28f5f9cf8893b5
wnid
04099429
scale
0.0158677133192
transformation
0.997 0.000 -0.074 51.226
0.000 1.000 0.000 0.050
0.074 0.000 0.997 35.273
object
02691156/7f2d03635180db2137678474be485ca
wnid
02691156
scale
0.0389417990048
transformation
-0.999 0.000 -0.034 50.842
0.000 1.000 0.000 0.050
0.034 0.000 -0.999 36.101
object
03928116/bd586b69c27f05c8fcb3c6c0ffedec6
wnid
03928116
scale
0.031958652913
transformation
0.020 0.000 1.000 49.742
0.000 1.000 0.000 0.050
-1.000 0.000 0.020 32.587
object
04099429/59389aac7b1ea9b09b28f5f9cf8893b5
wnid
04099429
scale
0.00846919264466
transformation
0.990 0.000 0.138 48.803
0.000 1.000 0.000 0.050
-0.138 0.000 0.990 38.204
object
02924116/6b5c172c49f15064e550942ea36e5443
wnid
02924116
scale
0.0333223728593
transformation
-0.954 0.000 -0.300 50.678
0.000 1.000 0.000 0.050
0.300 0.000 -0.954 40.773
object
03928116/4935addf7de12539c273f5d1e0123211
wnid
03928116
scale
0.0251838483831
transformation
-0.873 0.000 0.488 51.594
0.000 1.000 0.000 0.050
-0.488 0.000 -0.873 38.040
object
04099429/59389aac7b1ea9b09b28f5f9cf8893b5
wnid
04099429
scale
0.0120936841516
transformation
0.745 0.000 0.667 50.050
0.000 1.000 0.000 0.050
-0.667 0.000 0.745 37.708
object
03938244/2873ef9354972727b376ecd25749b977
wnid
03938244
scale
0.0457277416445
transformation
0.050 0.000 -0.999 49.620
0.000 1.000 0.000 0.050
0.999 0.000 0.050 42.717
end