layout_file: ./suncg/house/0004dd3cb11e50530676f77b55262d38/houseOneFloor.obj
object
03928116/bd586b69c27f05c8fcb3c6c0ffedec6
wnid
03928116
scale
0.0191605353898
transformation
-0.995 0.000 -0.095 38.493
0.000 1.000 0.000 0.050
0.095 0.000 -0.995 39.431
object
02801938/c1abb91a5a9e2ea36d0c80f3bebb5ec0
wnid
02801938
scale
0.00259982690341
transformation
-0.419 0.000 -0.908 39.488
0.000 1.000 0.000 0.050
0.908 0.000 -0.419 39.384
object
02801938/c1abb91a5a9e2ea36d0c80f3bebb5ec0
wnid
02801938
scale
0.0141283119118
transformation
-0.615 0.000 0.788 41.624
0.000 1.000 0.000 0.050
-0.788 0.000 -0.615 40.640
object
02691156/7f2d03635180db2137678474be485ca
wnid
02691156
scale
0.088803634555
transformation
0.919 0.000 0.394 39.199
0.000 1.000 0.000 0.050
-0.394 0.000 0.919 40.243
object
04099429/59389aac7b1ea9b09b28f5f9cf8893b5
wnid
04099429
scale
0.0146266141268
transformation
0.958 0.000 -0.287 38.209
0.000 1.000 0.000 0.050
0.287 0.000 0.958 43.354
object
04099429/56c13d294f8afb1ffb88d148e845f82e
wnid
04099429
scale
0.0223184152632
transformation
-0.993 0.000 -0.119 40.874
0.000 1.000 0.000 0.050
0.119 0.000 -0.993 40.291
object
04099429/59389aac7b1ea9b09b28f5f9cf8893b5
wnid
04099429
scale
0.0132488357522
transformation
0.995 0.000 -0.096 40.698
0.000 1.000 0.000 0.050
0.096 0.000 0.995 43.614
object
02924116/6b5c172c49f15064e550942ea36e5443
wnid
02924116
scale
0.0629132508035
transformation
0.536 0.000 -0.844 38.427
0.000 1.000 0.000 0.050
0.844 0.000 0.536 38.603
object
04099429/59389aac7b1ea9b09b28f5f9cf8893b5
wnid
04099429
scale
0.0049450280642
transformation
0.093 0.000 -0.996 41.994
0.000 1.000 0.000 0.050
0.996 0.000 0.093 39.634
object
02691156/7f2d03635180db2137678474be485ca
wnid
02691156
scale
0.0753554253187
transformation
0.077 0.000 0.997 39.994
0.000 1.000 0.000 0.050
-0.997 0.000 0.077 41.094
object
02924116/6b5c172c49f15064e550942ea36e5443
wnid
02924116
scale
0.0549313971126
transformation
-0.368 0.000 0.930 40.385
0.000 1.000 0.000 0.050
-0.930 0.000 -0.368 38.628
object
03938244/2873ef9354972727b376ecd25749b977
wnid
03938244
scale
0.064022699691
transformation
0.092 0.000 -0.996 47.085
0.000 1.000 0.000 0.050
0.996 0.000 0.092 34.573
object
02801938/c1abb91a5a9e2ea36d0c80f3bebb5ec0
wnid
02801938
scale
0.0125246329211
transformation
-0.804 0.000 -0.594 41.325
0.000 1.000 0.000 0.050
0.594 0.000 -0.804 33.828
object
02801938/c1abb91a5a9e2ea36d0c80f3bebb5ec0
wnid
02801938
scale
0.0172692370845
transformation
-0.095 0.000 -0.996 45.566
0.000 1.000 0.000 0.050
0.996 0.000 -0.095 32.349
object
02691156/7f2d03635180db2137678474be485ca
wnid
02691156
scale
0.0726499882585
transformation
-0.912 0.000 -0.409 44.047
0.000 1.000 0.000 0.050
0.409 0.000 -0.912 33.519
object
04099429/56c13d294f8afb1ffb88d148e845f82e
wnid
04099429
scale
0.0107345382031
transformation
-0.964 0.000 -0.267 45.020
0.000 1.000 0.000 0.050
0.267 0.000 -0.964 36.007
object
02691156/7f2d03635180db2137678474be485ca
wnid
02691156
scale
0.0389046271904
transformation
0.083 0.000 -0.997 46.083
0.000 1.000 0.000 0.050
0.997 0.000 0.083 32.614
object
04099429/56c13d294f8afb1ffb88d148e845f82e
wnid
04099429
scale
0.010462942512
transformation
-0.183 0.000 0.983 44.048
0.000 1.000 0.000 0.050
-0.983 0.000 -0.183 34.524
object
02691156/7f2d03635180db2137678474be485ca
wnid
02691156
scale
0.0463973439252
transformation
-0.061 0.000 -0.998 43.497
0.000 1.000 0.000 0.050
0.998 0.000 -0.061 33.878
object
03938244/2873ef9354972727b376ecd25749b977
wnid
03938244
scale
0.0646832127643
transformation
0.232 0.000 0.973 37.512
0.000 1.000 0.000 0.050
-0.973 0.000 0.232 34.614
object
04099429/59389aac7b1ea9b09b28f5f9cf8893b5
wnid
04099429
scale
0.0301931950319
transformation
0.135 0.000 0.991 46.591
0.000 1.000 0.000 0.050
-0.991 0.000 0.135 35.432
object
02924116/eb073520d0c4db4d346f9a49ab523ba7
wnid
02924116
scale
0.0377374877903
transformation
0.603 0.000 -0.798 40.466
0.000 1.000 0.000 0.050
0.798 0.000 0.603 34.686
object
03938244/2873ef9354972727b376ecd25749b977
wnid
03938244
scale
0.0352590439834
transformation
0.856 0.000 0.516 38.319
0.000 1.000 0.000 0.050
-0.516 0.000 0.856 35.966
object
02924116/eb073520d0c4db4d346f9a49ab523ba7
wnid
02924116
scale
0.0868784388831
transformation
0.898 0.000 -0.441 44.753
0.000 1.000 0.000 0.050
0.441 0.000 0.898 35.306
object
03938244/2873ef9354972727b376ecd25749b977
wnid
03938244
scale
0.0518588705237
transformation
-0.218 0.000 -0.976 43.099
0.000 1.000 0.000 0.050
0.976 0.000 -0.218 36.655
object
04099429/59389aac7b1ea9b09b28f5f9cf8893b5
wnid
04099429
scale
0.0155604622391
transformation
-0.203 0.000 -0.979 40.051
0.000 1.000 0.000 0.050
0.979 0.000 -0.203 34.964
object
02924116/eb073520d0c4db4d346f9a49ab523ba7
wnid
02924116
scale
0.0845641741436
transformation
-0.516 0.000 0.856 40.345
0.000 1.000 0.000 0.050
-0.856 0.000 -0.516 35.742
object
03928116/ac47e870aee0ecf5c4dbe872a948b23
wnid
03928116
scale
0.0180583045558
transformation
-0.927 0.000 0.374 40.123
0.000 1.000 0.000 0.050
-0.374 0.000 -0.927 36.674
object
03928116/4935addf7de12539c273f5d1e0123211
wnid
03928116
scale
0.0284829365407
transformation
-0.992 0.000 -0.123 43.016
0.000 1.000 0.000 0.050
0.123 0.000 -0.992 33.998
object
02924116/6b5c172c49f15064e550942ea36e5443
wnid
02924116
scale
0.0590847019875
transformation
-0.959 0.000 -0.282 44.969
0.000 1.000 0.000 0.050
0.282 0.000 -0.959 32.722
object
02801938/c1abb91a5a9e2ea36d0c80f3bebb5ec0
wnid
02801938
scale
0.013142759612
transformation
0.636 0.000 -0.772 38.890
0.000 1.000 0.000 0.050
0.772 0.000 0.636 35.982
object
03928116/4935addf7de12539c273f5d1e0123211
wnid
03928116
scale
0.0116916596426
transformation
-0.176 0.000 0.984 39.708
0.000 1.000 0.000 0.050
-0.984 0.000 -0.176 36.523
object
02924116/eb073520d0c4db4d346f9a49ab523ba7
wnid
02924116
scale
0.0619258550559
transformation
-0.966 0.000 0.259 42.303
0.000 1.000 0.000 0.050
-0.259 0.000 -0.966 34.180
object
03928116/bd586b69c27f05c8fcb3c6c0ffedec6
wnid
03928116
scale
0.0304421407477
transformation
0.665 0.000 0.747 41.024
0.000 1.000 0.000 0.050
-0.747 0.000 0.665 32.346
object
03928116/ac47e870aee0ecf5c4dbe872a948b23
wnid
03928116
scale
0.0199185173029
transformation
0.589 0.000 0.808 46.424
0.000 1.000 0.000 0.050
-0.808 0.000 0.589 40.120
object
02691156/7f2d03635180db2137678474be485ca
wnid
02691156
scale
0.0406303241609
transformation
0.643 0.000 -0.766 43.746
0.000 1.000 0.000 0.050
0.766 0.000 0.643 38.100
object
04099429/56c13d294f8afb1ffb88d148e845f82e
wnid
04099429
scale
0.0207270968632
transformation
-0.289 0.000 -0.957 47.342
0.000 1.000 0.000 0.050
0.957 0.000 -0.289 40.208
object
03928116/ac47e870aee0ecf5c4dbe872a948b23
wnid
03928116
scale
0.0224748371997
transformation
-0.116 0.000 -0.993 43.070
0.000 1.000 0.000 0.050
0.993 0.000 -0.116 39.521
object
04099429/56c13d294f8afb1ffb88d148e845f82e
wnid
04099429
scale
0.00393476522643
transformation
-0.398 0.000 -0.917 47.164
0.000 1.000 0.000 0.050
0.917 0.000 -0.398 37.723
object
02691156/7f2d03635180db2137678474be485ca
wnid
02691156
scale
0.033388499248
transformation
0.228 0.000 0.974 47.244
0.000 1.000 0.000 0.050
-0.974 0.000 0.228 38.745
object
04099429/59389aac7b1ea9b09b28f5f9cf8893b5
wnid
04099429
scale
0.00938015903816
transformation
-0.007 0.000 -1.000 46.224
0.000 1.000 0.000 0.050
1.000 0.000 -0.007 40.057
object
04099429/59389aac7b1ea9b09b28f5f9cf8893b5
wnid
04099429
scale
0.00892281603615
transformation
0.991 0.000 -0.131 46.008
0.000 1.000 0.000 0.050
0.131 0.000 0.991 38.593
object
04099429/59389aac7b1ea9b09b28f5f9cf8893b5
wnid
04099429
scale
0.0168036466284
transformation
0.983 0.000 -0.183 46.142
0.000 1.000 0.000 0.050
0.183 0.000 0.983 43.332
object
03928116/ac47e870aee0ecf5c4dbe872a948b23
wnid
03928116
scale
0.0233407626246
transformation
-0.998 0.000 0.057 44.053
0.000 1.000 0.000 0.050
-0.057 0.000 -0.998 43.004
object
02801938/c1abb91a5a9e2ea36d0c80f3bebb5ec0
wnid
02801938
scale
0.0100713433072
transformation
0.904 0.000 -0.428 45.572
0.000 1.000 0.000 0.050
0.428 0.000 0.904 43.018
object
02924116/6b5c172c49f15064e550942ea36e5443
wnid
02924116
scale
0.0617290769792
transformation
-0.891 0.000 0.454 43.498
0.000 1.000 0.000 0.050
-0.454 0.000 -0.891 42.549
object
03928116/ac47e870aee0ecf5c4dbe872a948b23
wnid
03928116
scale
0.0486417780832
transformation
-0.979 0.000 -0.203 44.627
0.000 1.000 0.000 0.050
0.203 0.000 -0.979 43.398
object
03928116/bd586b69c27f05c8fcb3c6c0ffedec6
wnid
03928116
scale
0.0195941934907
transformation
-0.110 0.000 0.994 49.268
0.000 1.000 0.000 0.050
-0.994 0.000 -0.110 34.751
object
02801938/c1abb91a5a9e2ea36d0c80f3bebb5ec0
wnid
02801938
scale
0.0170618724084
transformation
-0.992 0.000 0.124 48.931
0.000 1.000 0.000 0.050
-0.124 0.000 -0.992 35.997
object
03928116/ac47e870aee0ecf5c4dbe872a948b23
wnid
03928116
scale
0.0167477929162
transformation
0.338 0.000 0.941 51.660
0.000 1.000 0.000 0.050
-0.941 0.000 0.338 34.607
object
03938244/2873ef9354972727b376ecd25749b977
wnid
03938244
scale
0.0110201051125
transformation
0.752 0.000 -0.659 49.952
0.000 1.000 0.000 0.050
0.659 0.000 0.752 36.135
object
02691156/7f2d03635180db2137678474be485ca
wnid
02691156
scale
0.0603742005544
transformation
-0.452 0.000 0.892 47.948
0.000 1.000 0.000 0.050
-0.892 0.000 -0.452 33.620
object
03928116/4935addf7de12539c273f5d1e0123211
wnid
03928116
scale
0.0353595450455
transformation
0.970 0.000 -0.242 51.619
0.000 1.000 0.000 0.050
0.242 0.000 0.970 33.024
object
03928116/bd586b69c27f05c8fcb3c6c0ffedec6
wnid
03928116
scale
0.0145245094031
transformation
-0.642 0.000 -0.766 49.853
0.000 1.000 0.000 0.050
0.766 0.000 -0.642 36.219
object
03928116/4935addf7de12539c273f5d1e0123211
wnid
03928116
scale
0.018928204886
transformation
-0.056 0.000 0.998 47.736
0.000 1.000 0.000 0.050
-0.998 0.000 -0.056 43.377
object
02924116/6b5c172c49f15064e550942ea36e5443
wnid
02924116
scale
0.0453235251341
transformation
0.141 0.000 0.990 49.205
0.000 1.000 0.000 0.050
-0.990 0.000 0.141 40.835
object
04099429/59389aac7b1ea9b09b28f5f9cf8893b5
wnid
04099429
scale
0.0236130944567
transformation
0.136 0.000 -0.991 48.413
0.000 1.000 0.000 0.050
0.991 0.000 0.136 38.755
object
02924116/6b5c172c49f15064e550942ea36e5443
wnid
02924116
scale
0.0642794011482
transformation
0.954 0.000 0.299 50.572
0.000 1.000 0.000 0.050
-0.299 0.000 0.954 40.086
object
03928116/bd586b69c27f05c8fcb3c6c0ffedec6
wnid
03928116
scale
0.0157496679863
transformation
-0.322 0.000 -0.947 50.605
0.000 1.000 0.000 0.050
0.947 0.000 -0.322 42.297
object
04099429/59389aac7b1ea9b09b28f5f9cf8893b5
wnid
04099429
scale
0.0169413558166
transformation
0.742 0.000 0.670 49.836
0.000 1.000 0.000 0.050
-0.670 0.000 0.742 37.756
object
03938244/2873ef9354972727b376ecd25749b977
wnid
03938244
scale
0.0365366361311
transformation
-0.122 0.000 -0.993 51.354
0.000 1.000 0.000 0.050
0.993 0.000 -0.122 41.647
object
03928116/ac47e870aee0ecf5c4dbe872a948b23
wnid
03928116
scale
0.0236026520229
transformation
-0.954 0.000 0.300 50.566
0.000 1.000 0.000 0.050
-0.300 0.000 -0.954 41.932
object
03928116/bd586b69c27f05c8fcb3c6c0ffedec6
wnid
03928116
scale
0.0241398980117
transformation
-0.767 0.000 0.642 50.434
0.000 1.000 0.000 0.050
-0.642 0.000 -0.767 38.758
object
04099429/59389aac7b1ea9b09b28f5f9cf8893b5
wnid
04099429
scale
0.0165098489263
transformation
-0.719 0.000 -0.695 50.300
0.000 1.000 0.000 0.050
0.695 0.000 -0.719 40.720
object
02801938/c1abb91a5a9e2ea36d0c80f3bebb5ec0
wnid
02801938
scale
0.00706370618735
transformation
0.700 0.000 0.714 48.555
0.000 1.000 0.000 0.050
-0.714 0.000 0.700 41.403
object
03928116/bd586b69c27f05c8fcb3c6c0ffedec6
wnid
03928116
scale
0.0152474375819
transformation
0.961 0.000 -0.278 33.186
0.000 1.000 0.000 0.050
0.278 0.000 0.961 41.174
object
04099429/59389aac7b1ea9b09b28f5f9cf8893b5
wnid
04099429
scale
0.0213120598987
transformation
0.422 0.000 -0.907 31.371
0.000 1.000 0.000 0.050
0.907 0.000 0.422 38.793
object
04099429/59389aac7b1ea9b09b28f5f9cf8893b5
wnid
04099429
scale
0.0204373572121
transformation
0.746 0.000 0.666 31.800
0.000 1.000 0.000 0.050
-0.666 0.000 0.746 38.645
object
03938244/2873ef9354972727b376ecd25749b977
wnid
03938244
scale
0.0378877576
transformation
0.868 0.000 -0.496 32.378
0.000 1.000 0.000 0.050
0.496 0.000 0.868 39.865
object
02801938/c1abb91a5a9e2ea36d0c80f3bebb5ec0
wnid
02801938
scale
0.0153721382072
transformation
-0.252 0.000 -0.968 30.416
0.000 1.000 0.000 0.050
0.968 0.000 -0.252 40.022
object
03938244/2873ef9354972727b376ecd25749b977
wnid
03938244
scale
0.0841793110336
transformation
-0.151 0.000 0.989 32.929
0.000 1.000 0.000 0.050
-0.989 0.000 -0.151 37.523
object
02924116/6b5c172c49f15064e550942ea36e5443
wnid
02924116
scale
0.0394280911713
transformation
0.967 0.000 -0.253 30.220
0.000 1.000 0.000 0.050
0.253 0.000 0.967 36.146
object
02924116/eb073520d0c4db4d346f9a49ab523ba7
wnid
02924116
scale
0.000254298716927
transformation
0.467 0.000 0.884 29.487
0.000 1.000 0.000 0.050
-0.884 0.000 0.467 38.152
object
02801938/c1abb91a5a9e2ea36d0c80f3bebb5ec0
wnid
02801938
scale
0.00740195506474
transformation
0.794 0.000 0.608 28.693
0.000 1.000 0.000 0.050
-0.608 0.000 0.794 37.992
object
04099429/56c13d294f8afb1ffb88d148e845f82e
wnid
04099429
scale
0.0162800087146
transformation
-0.406 0.000 0.914 33.305
0.000 1.000 0.000 0.050
-0.914 0.000 -0.406 37.025
object
03928116/bd586b69c27f05c8fcb3c6c0ffedec6
wnid
03928116
scale
0.0110918625313
transformation
0.109 0.000 0.994 30.093
0.000 1.000 0.000 0.050
-0.994 0.000 0.109 37.224
end
rooms
37.53 37.45 6.1 5.0
32.33 37.45 5.1 10.1
37.43 42.55 3.0 5.0
40.53 42.55 3.1 5.0
32.33 47.65 5.0 4.1
37.43 47.65 6.2 4.1
35.43 28.55 6.2 5.1
