layout_file: ./suncg/house/house2/house.obj
object
04099429/59389aac7b1ea9b09b28f5f9cf8893b5
wnid
04099429
scale
0.0236622830958
transformation
-0.018 0.000 1.000 38.341
0.000 1.000 0.000 0.050
-1.000 0.000 -0.018 38.775
object
02801938/c1abb91a5a9e2ea36d0c80f3bebb5ec0
wnid
02801938
scale
0.0167971261845
transformation
-0.995 0.000 0.102 37.852
0.000 1.000 0.000 0.050
-0.102 0.000 -0.995 37.617
object
03938244/2873ef9354972727b376ecd25749b977
wnid
03938244
scale
0.0464493061068
transformation
0.420 0.000 0.907 40.737
0.000 1.000 0.000 0.050
-0.907 0.000 0.420 40.852
object
02801938/c1abb91a5a9e2ea36d0c80f3bebb5ec0
wnid
02801938
scale
0.00616854818075
transformation
0.998 0.000 0.068 42.258
0.000 1.000 0.000 0.050
-0.068 0.000 0.998 39.225
object
03938244/2873ef9354972727b376ecd25749b977
wnid
03938244
scale
0.0209169987232
transformation
0.370 0.000 -0.929 40.392
0.000 1.000 0.000 0.050
0.929 0.000 0.370 41.446
object
02801938/c1abb91a5a9e2ea36d0c80f3bebb5ec0
wnid
02801938
scale
0.0118933889904
transformation
0.869 0.000 -0.494 38.156
0.000 1.000 0.000 0.050
0.494 0.000 0.869 42.987
object
03928116/bd586b69c27f05c8fcb3c6c0ffedec6
wnid
03928116
scale
0.028787332252
transformation
0.998 0.000 0.068 43.354
0.000 1.000 0.000 0.050
-0.068 0.000 0.998 36.926
object
03938244/2873ef9354972727b376ecd25749b977
wnid
03938244
scale
0.0517019661091
transformation
-0.464 0.000 -0.886 46.634
0.000 1.000 0.000 0.050
0.886 0.000 -0.464 34.003
object
03928116/4935addf7de12539c273f5d1e0123211
wnid
03928116
scale
0.0249668756764
transformation
0.641 0.000 0.768 47.184
0.000 1.000 0.000 0.050
-0.768 0.000 0.641 32.535
object
03928116/4935addf7de12539c273f5d1e0123211
wnid
03928116
scale
0.0262831815645
transformation
-0.989 0.000 0.148 44.564
0.000 1.000 0.000 0.050
-0.148 0.000 -0.989 35.788
object
03938244/2873ef9354972727b376ecd25749b977
wnid
03938244
scale
0.0485893956843
transformation
-0.722 0.000 0.692 40.241
0.000 1.000 0.000 0.050
-0.692 0.000 -0.722 32.443
object
02924116/eb073520d0c4db4d346f9a49ab523ba7
wnid
02924116
scale
0.0305676628113
transformation
0.624 0.000 -0.781 41.251
0.000 1.000 0.000 0.050
0.781 0.000 0.624 33.814
object
02691156/7f2d03635180db2137678474be485ca
wnid
02691156
scale
0.0262296385761
transformation
0.329 0.000 0.944 41.361
0.000 1.000 0.000 0.050
-0.944 0.000 0.329 36.195
object
04099429/56c13d294f8afb1ffb88d148e845f82e
wnid
04099429
scale
0.00963598996571
transformation
-0.511 0.000 -0.859 41.097
0.000 1.000 0.000 0.050
0.859 0.000 -0.511 34.112
object
03938244/2873ef9354972727b376ecd25749b977
wnid
03938244
scale
0.0625711301177
transformation
0.765 0.000 0.645 41.625
0.000 1.000 0.000 0.050
-0.645 0.000 0.765 32.904
object
02924116/6b5c172c49f15064e550942ea36e5443
wnid
02924116
scale
0.0191422129281
transformation
-0.856 0.000 0.517 41.674
0.000 1.000 0.000 0.050
-0.517 0.000 -0.856 35.464
object
03938244/2873ef9354972727b376ecd25749b977
wnid
03938244
scale
0.047468064771
transformation
0.785 0.000 -0.619 39.370
0.000 1.000 0.000 0.050
0.619 0.000 0.785 34.575
object
02691156/7f2d03635180db2137678474be485ca
wnid
02691156
scale
0.0460163988645
transformation
0.771 0.000 0.637 37.745
0.000 1.000 0.000 0.050
-0.637 0.000 0.771 36.612
object
02924116/eb073520d0c4db4d346f9a49ab523ba7
wnid
02924116
scale
0.0647884605741
transformation
0.959 0.000 0.285 38.902
0.000 1.000 0.000 0.050
-0.285 0.000 0.959 33.996
object
04099429/56c13d294f8afb1ffb88d148e845f82e
wnid
04099429
scale
0.0141884873498
transformation
0.135 0.000 0.991 40.763
0.000 1.000 0.000 0.050
-0.991 0.000 0.135 32.692
object
02924116/eb073520d0c4db4d346f9a49ab523ba7
wnid
02924116
scale
0.0604971103414
transformation
0.307 0.000 0.952 37.965
0.000 1.000 0.000 0.050
-0.952 0.000 0.307 32.966
object
03928116/ac47e870aee0ecf5c4dbe872a948b23
wnid
03928116
scale
0.023521904235
transformation
-0.800 0.000 0.600 40.044
0.000 1.000 0.000 0.050
-0.600 0.000 -0.800 37.136
object
02924116/eb073520d0c4db4d346f9a49ab523ba7
wnid
02924116
scale
0.044961037339
transformation
0.286 0.000 0.958 46.962
0.000 1.000 0.000 0.050
-0.958 0.000 0.286 37.015
object
03938244/2873ef9354972727b376ecd25749b977
wnid
03938244
scale
0.0215590683608
transformation
-0.860 0.000 -0.510 43.103
0.000 1.000 0.000 0.050
0.510 0.000 -0.860 40.141
object
04099429/56c13d294f8afb1ffb88d148e845f82e
wnid
04099429
scale
0.0144275074646
transformation
-0.778 0.000 0.628 42.601
0.000 1.000 0.000 0.050
-0.628 0.000 -0.778 43.634
object
04099429/56c13d294f8afb1ffb88d148e845f82e
wnid
04099429
scale
0.00529571112287
transformation
0.948 0.000 -0.318 47.567
0.000 1.000 0.000 0.050
0.318 0.000 0.948 43.030
object
02691156/7f2d03635180db2137678474be485ca
wnid
02691156
scale
0.0873043575618
transformation
-0.246 0.000 -0.969 44.469
0.000 1.000 0.000 0.050
0.969 0.000 -0.246 41.439
object
02924116/6b5c172c49f15064e550942ea36e5443
wnid
02924116
scale
0.0522525419563
transformation
0.989 0.000 -0.148 50.555
0.000 1.000 0.000 0.050
0.148 0.000 0.989 36.581
object
02801938/c1abb91a5a9e2ea36d0c80f3bebb5ec0
wnid
02801938
scale
0.00522511407743
transformation
0.980 0.000 -0.198 47.675
0.000 1.000 0.000 0.050
0.198 0.000 0.980 36.299
object
03938244/2873ef9354972727b376ecd25749b977
wnid
03938244
scale
0.0314901692886
transformation
0.342 0.000 -0.940 49.738
0.000 1.000 0.000 0.050
0.940 0.000 0.342 36.783
object
02801938/c1abb91a5a9e2ea36d0c80f3bebb5ec0
wnid
02801938
scale
0.00389725929226
transformation
-0.734 0.000 0.679 50.006
0.000 1.000 0.000 0.050
-0.679 0.000 -0.734 32.995
object
02924116/eb073520d0c4db4d346f9a49ab523ba7
wnid
02924116
scale
0.0380946821922
transformation
0.999 0.000 0.040 48.389
0.000 1.000 0.000 0.050
-0.040 0.000 0.999 33.935
object
02924116/6b5c172c49f15064e550942ea36e5443
wnid
02924116
scale
0.0583122724397
transformation
0.489 0.000 -0.872 48.467
0.000 1.000 0.000 0.050
0.872 0.000 0.489 41.102
end