layout_file: ./suncg/house/house2/house.obj
object
02924116/6b5c172c49f15064e550942ea36e5443
wnid
02924116
scale
0.0591086045114
transformation
-0.548 0.000 0.837 40.221
0.000 1.000 0.000 0.050
-0.837 0.000 -0.548 41.727
object
03928116/bd586b69c27f05c8fcb3c6c0ffedec6
wnid
03928116
scale
0.0544673458177
transformation
-0.697 0.000 -0.717 40.880
0.000 1.000 0.000 0.050
0.717 0.000 -0.697 43.047
object
02691156/7f2d03635180db2137678474be485ca
wnid
02691156
scale
0.119713115994
transformation
-0.890 0.000 -0.456 39.406
0.000 1.000 0.000 0.050
0.456 0.000 -0.890 38.424
object
04099429/56c13d294f8afb1ffb88d148e845f82e
wnid
04099429
scale
0.00499216627471
transformation
0.254 0.000 -0.967 40.075
0.000 1.000 0.000 0.050
0.967 0.000 0.254 42.699
object
04099429/56c13d294f8afb1ffb88d148e845f82e
wnid
04099429
scale
0.00841439740291
transformation
0.865 0.000 0.501 38.712
0.000 1.000 0.000 0.050
-0.501 0.000 0.865 39.052
object
02924116/6b5c172c49f15064e550942ea36e5443
wnid
02924116
scale
0.0676776915964
transformation
-0.225 0.000 0.974 40.432
0.000 1.000 0.000 0.050
-0.974 0.000 -0.225 42.375
object
02691156/7f2d03635180db2137678474be485ca
wnid
02691156
scale
0.0265744559013
transformation
-0.061 0.000 0.998 40.033
0.000 1.000 0.000 0.050
-0.998 0.000 -0.061 35.779
object
02801938/c1abb91a5a9e2ea36d0c80f3bebb5ec0
wnid
02801938
scale
0.0605119688981
transformation
0.975 0.000 -0.220 45.750
0.000 1.000 0.000 0.050
0.220 0.000 0.975 36.189
object
03928116/ac47e870aee0ecf5c4dbe872a948b23
wnid
03928116
scale
0.0382815433804
transformation
-0.148 0.000 -0.989 43.604
0.000 1.000 0.000 0.050
0.989 0.000 -0.148 36.923
object
04099429/56c13d294f8afb1ffb88d148e845f82e
wnid
04099429
scale
0.00487656761628
transformation
0.794 0.000 0.607 43.677
0.000 1.000 0.000 0.050
-0.607 0.000 0.794 39.648
object
03928116/bd586b69c27f05c8fcb3c6c0ffedec6
wnid
03928116
scale
0.0668590406745
transformation
-0.744 0.000 0.668 46.104
0.000 1.000 0.000 0.050
-0.668 0.000 -0.744 39.297
object
04099429/59389aac7b1ea9b09b28f5f9cf8893b5
wnid
04099429
scale
0.00641306392175
transformation
0.601 0.000 -0.799 44.515
0.000 1.000 0.000 0.050
0.799 0.000 0.601 39.542
object
03928116/ac47e870aee0ecf5c4dbe872a948b23
wnid
03928116
scale
0.0570567703786
transformation
-0.943 0.000 -0.334 46.645
0.000 1.000 0.000 0.050
0.334 0.000 -0.943 39.193
object
04099429/59389aac7b1ea9b09b28f5f9cf8893b5
wnid
04099429
scale
0.0171120930238
transformation
-0.538 0.000 -0.843 45.944
0.000 1.000 0.000 0.050
0.843 0.000 -0.538 39.592
object
03928116/bd586b69c27f05c8fcb3c6c0ffedec6
wnid
03928116
scale
0.045478745615
transformation
-0.872 0.000 0.490 47.324
0.000 1.000 0.000 0.050
-0.490 0.000 -0.872 40.252
object
04099429/56c13d294f8afb1ffb88d148e845f82e
wnid
04099429
scale
0.00879695441369
transformation
-0.776 0.000 -0.630 44.013
0.000 1.000 0.000 0.050
0.630 0.000 -0.776 40.205
object
03928116/4935addf7de12539c273f5d1e0123211
wnid
03928116
scale
0.0822885362861
transformation
-0.787 0.000 0.617 47.277
0.000 1.000 0.000 0.050
-0.617 0.000 -0.787 41.118
object
02924116/eb073520d0c4db4d346f9a49ab523ba7
wnid
02924116
scale
0.0779750994104
transformation
-0.892 0.000 0.451 47.342
0.000 1.000 0.000 0.050
-0.451 0.000 -0.892 41.459
object
03928116/ac47e870aee0ecf5c4dbe872a948b23
wnid
03928116
scale
0.0527114975339
transformation
0.691 0.000 0.723 48.533
0.000 1.000 0.000 0.050
-0.723 0.000 0.691 35.320
object
03938244/2873ef9354972727b376ecd25749b977
wnid
03938244
scale
0.188101258562
transformation
0.553 0.000 0.833 49.023
0.000 1.000 0.000 0.050
-0.833 0.000 0.553 34.782
object
03928116/bd586b69c27f05c8fcb3c6c0ffedec6
wnid
03928116
scale
0.060778145317
transformation
-0.961 0.000 0.276 49.829
0.000 1.000 0.000 0.050
-0.276 0.000 -0.961 33.446
object
03928116/4935addf7de12539c273f5d1e0123211
wnid
03928116
scale
0.0497945510406
transformation
0.522 0.000 0.853 48.669
0.000 1.000 0.000 0.050
-0.853 0.000 0.522 36.937
object
03928116/bd586b69c27f05c8fcb3c6c0ffedec6
wnid
03928116
scale
0.0521428965691
transformation
-0.858 0.000 -0.513 51.411
0.000 1.000 0.000 0.050
0.513 0.000 -0.858 43.174
object
02691156/7f2d03635180db2137678474be485ca
wnid
02691156
scale
0.0613531716855
transformation
0.861 0.000 0.508 49.313
0.000 1.000 0.000 0.050
-0.508 0.000 0.861 40.253
object
02691156/7f2d03635180db2137678474be485ca
wnid
02691156
scale
0.0556868553695
transformation
-0.983 0.000 0.181 50.887
0.000 1.000 0.000 0.050
-0.181 0.000 -0.983 40.161
object
04099429/56c13d294f8afb1ffb88d148e845f82e
wnid
04099429
scale
0.00807636934891
transformation
0.342 0.000 0.940 49.625
0.000 1.000 0.000 0.050
-0.940 0.000 0.342 38.492
object
03928116/ac47e870aee0ecf5c4dbe872a948b23
wnid
03928116
scale
0.0281703433402
transformation
0.370 0.000 0.929 49.261
0.000 1.000 0.000 0.050
-0.929 0.000 0.370 38.278
object
04099429/56c13d294f8afb1ffb88d148e845f82e
wnid
04099429
scale
0.016387932217
transformation
0.652 0.000 -0.758 50.446
0.000 1.000 0.000 0.050
0.758 0.000 0.652 41.033
object
03928116/bd586b69c27f05c8fcb3c6c0ffedec6
wnid
03928116
scale
0.0512102043234
transformation
0.980 0.000 0.198 49.325
0.000 1.000 0.000 0.050
-0.198 0.000 0.980 41.751
object
02924116/6b5c172c49f15064e550942ea36e5443
wnid
02924116
scale
0.0583816804161
transformation
0.853 0.000 0.522 49.358
0.000 1.000 0.000 0.050
-0.522 0.000 0.853 40.922
object
02801938/c1abb91a5a9e2ea36d0c80f3bebb5ec0
wnid
02801938
scale
0.0877445445731
transformation
-0.001 0.000 1.000 49.392
0.000 1.000 0.000 0.050
-1.000 0.000 -0.001 40.831
end