layout_file: ./suncg/house/c6aa4011efde54ae9522dfacffa29a81/houseOneFloor.obj
object
02801938/c1abb91a5a9e2ea36d0c80f3bebb5ec0
wnid
02801938
scale
0.00917677510953
transformation
0.818 0.000 0.576 51.286
0.000 1.000 0.000 0.050
-0.576 0.000 0.818 35.230
object
03938244/2873ef9354972727b376ecd25749b977
wnid
03938244
scale
0.0467247777812
transformation
0.373 0.000 0.928 51.908
0.000 1.000 0.000 0.050
-0.928 0.000 0.373 36.092
object
03938244/2873ef9354972727b376ecd25749b977
wnid
03938244
scale
0.0775022054616
transformation
0.560 0.000 0.829 51.465
0.000 1.000 0.000 0.050
-0.829 0.000 0.560 33.834
object
02924116/6b5c172c49f15064e550942ea36e5443
wnid
02924116
scale
0.0567256033935
transformation
-0.502 0.000 0.865 51.232
0.000 1.000 0.000 0.050
-0.865 0.000 -0.502 34.644
end
lighting
SpotLight 6.0 1 1 1 52.5008733774 2.10455260674 35.6876522123 -0.0168710493562 0.0 0.0362679982025 -0.0248787572831 -0.0291051944153 -0.0115730330552
SpotLight 6.0 1 1 1 52.2240023281 2.07544741233 35.6760791792 0.0168710493562 0.0 0.0362679982025 -0.0248787572831 0.0291051944153 0.0115730330552
SpotLight 6.0 1 1 1 52.2439189897 2.07544741233 35.4440035488 -0.0362679982025 0.0 0.0168710493562 -0.0115730330552 0.0291051944153 -0.0248787572831
SpotLight 6.0 1 1 1 52.4676509915 2.10455260674 35.4191247915 0.0362679982025 0.0 0.0168710493562 -0.0115730330552 -0.0291051944153 0.0248787572831
