layout_file: ./suncg/house/c6aa4011efde54ae9522dfacffa29a81/houseOneFloor.obj
object
03928116/bd586b69c27f05c8fcb3c6c0ffedec6
wnid
03928116
scale
0.0286131307704
transformation
0.902 0.000 -0.433 40.237
0.000 1.000 0.000 0.050
0.433 0.000 0.902 33.709
object
03928116/bd586b69c27f05c8fcb3c6c0ffedec6
wnid
03928116
scale
0.026197717796
transformation
0.715 0.000 -0.699 40.894
0.000 1.000 0.000 0.050
0.699 0.000 0.715 33.926
object
02924116/6b5c172c49f15064e550942ea36e5443
wnid
02924116
scale
0.04523790649
transformation
-0.425 0.000 0.905 38.040
0.000 1.000 0.000 0.050
-0.905 0.000 -0.425 35.492
object
02924116/6b5c172c49f15064e550942ea36e5443
wnid
02924116
scale
0.0341422405608
transformation
-0.962 0.000 0.272 40.206
0.000 1.000 0.000 0.050
-0.272 0.000 -0.962 34.454
object
03928116/bd586b69c27f05c8fcb3c6c0ffedec6
wnid
03928116
scale
0.0147247362939
transformation
-0.883 0.000 0.469 39.634
0.000 1.000 0.000 0.050
-0.469 0.000 -0.883 33.613
object
04099429/56c13d294f8afb1ffb88d148e845f82e
wnid
04099429
scale
0.00781842329551
transformation
0.971 0.000 -0.239 38.510
0.000 1.000 0.000 0.050
0.239 0.000 0.971 35.206
object
02924116/eb073520d0c4db4d346f9a49ab523ba7
wnid
02924116
scale
0.0582694789698
transformation
-0.475 0.000 -0.880 42.273
0.000 1.000 0.000 0.050
0.880 0.000 -0.475 37.084
object
04099429/59389aac7b1ea9b09b28f5f9cf8893b5
wnid
04099429
scale
0.00698084737438
transformation
0.311 0.000 0.951 39.260
0.000 1.000 0.000 0.050
-0.951 0.000 0.311 33.450
object
02691156/7f2d03635180db2137678474be485ca
wnid
02691156
scale
0.104155851435
transformation
-0.678 0.000 0.735 42.541
0.000 1.000 0.000 0.050
-0.735 0.000 -0.678 34.796
object
03938244/2873ef9354972727b376ecd25749b977
wnid
03938244
scale
0.0747237632698
transformation
0.038 0.000 -0.999 39.168
0.000 1.000 0.000 0.050
0.999 0.000 0.038 34.441
object
03928116/4935addf7de12539c273f5d1e0123211
wnid
03928116
scale
0.0269071295344
transformation
-0.804 0.000 0.595 41.845
0.000 1.000 0.000 0.050
-0.595 0.000 -0.804 35.123
end
lighting
PointLight 1.2 1 1 1 41.1637426974 2.16049405722 35.5244781362 0.03
PointLight 1.2 1 1 1 41.1607684034 2.15948905722 35.3924361362 0.03
PointLight 1.2 1 1 1 41.1634590874 2.16061305722 35.2611169162 0.03
PointLight 1.2 1 1 1 41.1628176374 2.16005105722 35.1280741362 0.03
PointLight 1.2 1 1 1 41.1604924704 2.15978205722 34.9975911362 0.03
PointLight 1.5 1 1 1 38.9099987793 1.95999999046 35.4100009155 0.03
PointLight 1.5 1 1 1 39.1499987793 1.95999999046 35.1700009155 0.03
PointLight 1.5 1 1 1 39.1499987793 1.95999999046 35.4100009155 0.03
PointLight 1.5 1 1 1 38.9099987793 1.95999999046 35.1700009155 0.03
PointLight 1.5 1 1 1 42.0099993896 1.95999999046 40.4399975586 0.03
SpotLight 6.0 1 1 1 35.4705958474 2.09070387959 42.4948936115 0.04 0.0 0.0 -0.0 0.0 0.04
SpotLight 6.0 1 1 1 35.3805956948 2.09070387959 39.1048942219 0.04 0.0 0.0 -0.0 0.0 0.04
