layout_file: ./suncg/house/c6aa4011efde54ae9522dfacffa29a81/houseOneFloor.obj
object
04099429/59389aac7b1ea9b09b28f5f9cf8893b5
wnid
04099429
scale
0.0122005778501
transformation
0.831 0.000 0.557 34.429
0.000 1.000 0.000 0.050
-0.557 0.000 0.831 42.830
object
03938244/2873ef9354972727b376ecd25749b977
wnid
03938244
scale
0.0338971250076
transformation
-0.006 0.000 1.000 34.718
0.000 1.000 0.000 0.050
-1.000 0.000 -0.006 39.368
object
02691156/7f2d03635180db2137678474be485ca
wnid
02691156
scale
0.0643671726637
transformation
0.051 0.000 0.999 30.917
0.000 1.000 0.000 0.050
-0.999 0.000 0.051 40.798
object
04099429/56c13d294f8afb1ffb88d148e845f82e
wnid
04099429
scale
0.0088229444123
transformation
-0.500 0.000 0.866 34.261
0.000 1.000 0.000 0.050
-0.866 0.000 -0.500 42.022
object
03928116/4935addf7de12539c273f5d1e0123211
wnid
03928116
scale
0.0173639558225
transformation
-0.891 0.000 0.454 32.954
0.000 1.000 0.000 0.050
-0.454 0.000 -0.891 39.753
object
03938244/2873ef9354972727b376ecd25749b977
wnid
03938244
scale
0.0564623796148
transformation
0.939 0.000 -0.343 30.777
0.000 1.000 0.000 0.050
0.343 0.000 0.939 39.479
object
03928116/bd586b69c27f05c8fcb3c6c0ffedec6
wnid
03928116
scale
0.0248835700359
transformation
-0.864 0.000 -0.503 34.616
0.000 1.000 0.000 0.050
0.503 0.000 -0.864 40.386
object
02924116/6b5c172c49f15064e550942ea36e5443
wnid
02924116
scale
0.0857855136409
transformation
-0.996 0.000 -0.087 33.656
0.000 1.000 0.000 0.050
0.087 0.000 -0.996 37.761
object
02801938/c1abb91a5a9e2ea36d0c80f3bebb5ec0
wnid
02801938
scale
0.00760966646015
transformation
-0.882 0.000 -0.472 30.909
0.000 1.000 0.000 0.050
0.472 0.000 -0.882 37.900
object
02924116/eb073520d0c4db4d346f9a49ab523ba7
wnid
02924116
scale
0.0429643351072
transformation
0.990 0.000 -0.144 32.071
0.000 1.000 0.000 0.050
0.144 0.000 0.990 43.553
object
02924116/6b5c172c49f15064e550942ea36e5443
wnid
02924116
scale
0.066197330945
transformation
-0.842 0.000 0.539 34.405
0.000 1.000 0.000 0.050
-0.539 0.000 -0.842 41.860
end
lighting
SpotLight 6.0 1 1 1 32.3295263052 2.09056331459 39.0061081993 0.04 0.0 0.0 -0.0 0.0 0.04
SpotLight 6.0 1 1 1 31.9905963052 2.09070387959 39.0148940693 0.04 0.0 0.0 -0.0 0.0 0.04
SpotLight 6.0 1 1 1 35.7195256948 2.09056331459 39.0961083519 0.04 0.0 0.0 -0.0 0.0 0.04
SpotLight 6.0 1 1 1 35.3805956948 2.09070387959 39.1048942219 0.04 0.0 0.0 -0.0 0.0 0.04
SpotLight 6.0 1 1 1 35.8095258474 2.09056331459 42.4861077415 0.04 0.0 0.0 -0.0 0.0 0.04
SpotLight 6.0 1 1 1 35.4705958474 2.09070387959 42.4948936115 0.04 0.0 0.0 -0.0 0.0 0.04
SpotLight 6.0 1 1 1 32.4095281362 2.09056331459 42.4261101829 0.04 0.0 0.0 -0.0 0.0 0.04
SpotLight 6.0 1 1 1 32.0705981362 2.09070387959 42.4348960529 0.04 0.0 0.0 -0.0 0.0 0.04
