layout_file: ./suncg/house/c6aa4011efde54ae9522dfacffa29a81/houseOneFloor.obj
object
03928116/bd586b69c27f05c8fcb3c6c0ffedec6
wnid
03928116
scale
0.0323784959569
transformation
-0.875 0.000 -0.485 39.483
0.000 1.000 0.000 0.050
0.485 0.000 -0.875 43.371
object
02801938/c1abb91a5a9e2ea36d0c80f3bebb5ec0
wnid
02801938
scale
0.0129870451741
transformation
-0.308 0.000 -0.951 37.866
0.000 1.000 0.000 0.050
0.951 0.000 -0.308 43.529
object
03928116/4935addf7de12539c273f5d1e0123211
wnid
03928116
scale
0.0192133872898
transformation
-0.997 0.000 -0.071 40.669
0.000 1.000 0.000 0.050
0.071 0.000 -0.997 39.827
object
02924116/eb073520d0c4db4d346f9a49ab523ba7
wnid
02924116
scale
0.0342518899502
transformation
0.893 0.000 -0.450 41.797
0.000 1.000 0.000 0.050
0.450 0.000 0.893 42.112
object
03928116/bd586b69c27f05c8fcb3c6c0ffedec6
wnid
03928116
scale
0.013357066881
transformation
-0.436 0.000 -0.900 40.917
0.000 1.000 0.000 0.050
0.900 0.000 -0.436 42.067
object
02924116/eb073520d0c4db4d346f9a49ab523ba7
wnid
02924116
scale
0.0196464737612
transformation
0.990 0.000 0.138 43.781
0.000 1.000 0.000 0.050
-0.138 0.000 0.990 40.768
object
04099429/59389aac7b1ea9b09b28f5f9cf8893b5
wnid
04099429
scale
0.0174178428979
transformation
-0.985 0.000 -0.173 43.275
0.000 1.000 0.000 0.050
0.173 0.000 -0.985 41.434
object
02924116/6b5c172c49f15064e550942ea36e5443
wnid
02924116
scale
0.0585512119239
transformation
0.029 0.000 -1.000 42.779
0.000 1.000 0.000 0.050
1.000 0.000 0.029 38.893
object
02924116/6b5c172c49f15064e550942ea36e5443
wnid
02924116
scale
0.0169183276469
transformation
0.757 0.000 -0.653 39.041
0.000 1.000 0.000 0.050
0.653 0.000 0.757 43.361
object
03938244/2873ef9354972727b376ecd25749b977
wnid
03938244
scale
0.0938681970923
transformation
-0.296 0.000 0.955 37.584
0.000 1.000 0.000 0.050
-0.955 0.000 -0.296 42.097
object
02924116/6b5c172c49f15064e550942ea36e5443
wnid
02924116
scale
0.0198502651542
transformation
-0.405 0.000 -0.915 38.958
0.000 1.000 0.000 0.050
0.915 0.000 -0.405 39.474
object
02691156/7f2d03635180db2137678474be485ca
wnid
02691156
scale
0.0814644992104
transformation
0.193 0.000 0.981 43.608
0.000 1.000 0.000 0.050
-0.981 0.000 0.193 40.115
object
04099429/59389aac7b1ea9b09b28f5f9cf8893b5
wnid
04099429
scale
0.019826754899
transformation
0.072 0.000 -0.997 40.558
0.000 1.000 0.000 0.050
0.997 0.000 0.072 39.550
object
03928116/ac47e870aee0ecf5c4dbe872a948b23
wnid
03928116
scale
0.00748721470964
transformation
-0.382 0.000 0.924 38.061
0.000 1.000 0.000 0.050
-0.924 0.000 -0.382 42.576
end
lighting
PointLight 1.5 1 1 1 41.7699993896 1.95999999046 40.6799975586 0.03
PointLight 1.5 1 1 1 42.0099993896 1.95999999046 40.4399975586 0.03
PointLight 1.5 1 1 1 42.0099993896 1.95999999046 40.6799975586 0.03
PointLight 1.5 1 1 1 41.7699993896 1.95999999046 40.4399975586 0.03
PointLight 1.5 1 1 1 39.1499987793 1.95999999046 35.4100009155 0.03
