layout_file: ./suncg/house/c6aa4011efde54ae9522dfacffa29a81/houseOneFloor.obj
object
03928116/bd586b69c27f05c8fcb3c6c0ffedec6
wnid
03928116
scale
0.0233721180568
transformation
0.226 0.000 0.974 50.885
0.000 1.000 0.000 0.050
-0.974 0.000 0.226 36.454
object
02924116/eb073520d0c4db4d346f9a49ab523ba7
wnid
02924116
scale
0.0651307936812
transformation
0.771 0.000 0.637 50.029
0.000 1.000 0.000 0.050
-0.637 0.000 0.771 34.845
object
04099429/56c13d294f8afb1ffb88d148e845f82e
wnid
04099429
scale
0.0101782050512
transformation
-0.838 0.000 0.546 47.853
0.000 1.000 0.000 0.050
-0.546 0.000 -0.838 33.458
object
03928116/4935addf7de12539c273f5d1e0123211
wnid
03928116
scale
0.0271048372154
transformation
-0.460 0.000 -0.888 46.970
0.000 1.000 0.000 0.050
0.888 0.000 -0.460 34.376
object
04099429/59389aac7b1ea9b09b28f5f9cf8893b5
wnid
04099429
scale
0.00529073130563
transformation
0.220 0.000 0.975 50.968
0.000 1.000 0.000 0.050
-0.975 0.000 0.220 36.894
object
02691156/7f2d03635180db2137678474be485ca
wnid
02691156
scale
0.0263322616524
transformation
0.998 0.000 -0.066 50.399
0.000 1.000 0.000 0.050
0.066 0.000 0.998 33.285
object
04099429/56c13d294f8afb1ffb88d148e845f82e
wnid
04099429
scale
0.0119647135472
transformation
0.259 0.000 0.966 47.523
0.000 1.000 0.000 0.050
-0.966 0.000 0.259 33.466
object
02924116/eb073520d0c4db4d346f9a49ab523ba7
wnid
02924116
scale
0.0861798735751
transformation
0.834 0.000 -0.552 50.724
0.000 1.000 0.000 0.050
0.552 0.000 0.834 36.145
object
02924116/6b5c172c49f15064e550942ea36e5443
wnid
02924116
scale
0.0380339366635
transformation
0.182 0.000 -0.983 48.744
0.000 1.000 0.000 0.050
0.983 0.000 0.182 34.099
end
lighting
PointLight 1.5 1 1 1 48.4399975586 1.95999999046 35.1600009155 0.03
PointLight 1.5 1 1 1 48.6799975586 1.95999999046 34.9200009155 0.03
PointLight 1.5 1 1 1 48.6799975586 1.95999999046 35.1600009155 0.03
PointLight 1.5 1 1 1 48.4399975586 1.95999999046 34.9200009155 0.03
SpotLight 3.0 1 1 1 50.0599980164 1.24399605914 33.3799977112 0.04 0.0 0.0 -0.0 0.0 0.04
SpotLight 3.0 1 1 1 50.0599980164 1.24399605914 33.4199977112 0.04 0.0 0.0 0.0 0.0 -0.04
PointLight 1.5 1 1 1 50.6699971008 1.95999999046 40.2699993896 0.03
PointLight 1.5 1 1 1 50.6699971008 1.95999999046 40.5099993896 0.03
SpotLight 6.0 1 1 1 52.4676509915 2.10455260674 35.4191247915 0.0362679982025 0.0 0.0168710493562 -0.0115730330552 -0.0291051944153 0.0248787572831
