layout_file: ./suncg/house/c6aa4011efde54ae9522dfacffa29a81/houseOneFloor.obj
object
02801938/c1abb91a5a9e2ea36d0c80f3bebb5ec0
wnid
02801938
scale
0.0100782421885
transformation
-0.848 0.000 -0.530 52.850
0.000 1.000 0.000 0.050
0.530 0.000 -0.848 43.636
object
02691156/7f2d03635180db2137678474be485ca
wnid
02691156
scale
0.0226298920594
transformation
-0.894 0.000 -0.447 52.632
0.000 1.000 0.000 0.050
0.447 0.000 -0.894 43.058
object
02924116/6b5c172c49f15064e550942ea36e5443
wnid
02924116
scale
0.0380432260908
transformation
-0.755 0.000 0.655 51.791
0.000 1.000 0.000 0.050
-0.655 0.000 -0.755 38.559
object
02801938/c1abb91a5a9e2ea36d0c80f3bebb5ec0
wnid
02801938
scale
0.00902589716158
transformation
-0.866 0.000 -0.499 52.348
0.000 1.000 0.000 0.050
0.499 0.000 -0.866 42.850
object
04099429/59389aac7b1ea9b09b28f5f9cf8893b5
wnid
04099429
scale
0.014341954148
transformation
0.936 0.000 0.353 50.386
0.000 1.000 0.000 0.050
-0.353 0.000 0.936 41.107
object
02924116/6b5c172c49f15064e550942ea36e5443
wnid
02924116
scale
0.0939300795484
transformation
0.303 0.000 0.953 48.907
0.000 1.000 0.000 0.050
-0.953 0.000 0.303 42.869
object
03928116/bd586b69c27f05c8fcb3c6c0ffedec6
wnid
03928116
scale
0.0254818318228
transformation
-0.372 0.000 0.928 52.244
0.000 1.000 0.000 0.050
-0.928 0.000 -0.372 39.120
object
03928116/4935addf7de12539c273f5d1e0123211
wnid
03928116
scale
0.0189954088788
transformation
0.575 0.000 0.818 51.459
0.000 1.000 0.000 0.050
-0.818 0.000 0.575 39.203
object
02801938/c1abb91a5a9e2ea36d0c80f3bebb5ec0
wnid
02801938
scale
0.0145757511382
transformation
-0.626 0.000 0.779 49.239
0.000 1.000 0.000 0.050
-0.779 0.000 -0.626 41.362
object
02801938/c1abb91a5a9e2ea36d0c80f3bebb5ec0
wnid
02801938
scale
0.0132664578361
transformation
0.962 0.000 0.274 50.459
0.000 1.000 0.000 0.050
-0.274 0.000 0.962 38.901
object
03928116/4935addf7de12539c273f5d1e0123211
wnid
03928116
scale
0.00461855467264
transformation
-0.504 0.000 -0.864 49.678
0.000 1.000 0.000 0.050
0.864 0.000 -0.504 42.622
end
lighting
PointLight 1.5 1 1 1 50.6699971008 1.95999999046 40.5099993896 0.03
PointLight 1.5 1 1 1 50.9099971008 1.95999999046 40.2699993896 0.03
PointLight 1.5 1 1 1 50.9099971008 1.95999999046 40.5099993896 0.03
PointLight 1.5 1 1 1 50.6699971008 1.95999999046 40.2699993896 0.03
SpotLight 3.0 1 1 1 52.9299969482 0.917561983311 41.8799977112 0.04 0.0 0.0 -0.0 0.0 0.04
SpotLight 3.0 1 1 1 52.9299969482 0.917561983311 41.9199977112 0.04 0.0 0.0 0.0 0.0 -0.04
PointLight 1.5 1 1 1 47.0299977112 1.95999999046 38.6500004578 0.03
