layout_file: ./suncg/house/c6aa4011efde54ae9522dfacffa29a81/houseOneFloor.obj
object
03938244/2873ef9354972727b376ecd25749b977
wnid
03938244
scale
0.0869717595742
transformation
-0.806 0.000 -0.593 44.871
0.000 1.000 0.000 0.050
0.593 0.000 -0.806 35.719
object
03928116/4935addf7de12539c273f5d1e0123211
wnid
03928116
scale
0.0143508735694
transformation
-0.940 0.000 -0.342 44.975
0.000 1.000 0.000 0.050
0.342 0.000 -0.940 34.413
object
03928116/4935addf7de12539c273f5d1e0123211
wnid
03928116
scale
0.0228542116787
transformation
-0.129 0.000 -0.992 43.925
0.000 1.000 0.000 0.050
0.992 0.000 -0.129 36.951
object
04099429/56c13d294f8afb1ffb88d148e845f82e
wnid
04099429
scale
0.00916980360301
transformation
-0.452 0.000 0.892 43.212
0.000 1.000 0.000 0.050
-0.892 0.000 -0.452 34.753
object
03928116/bd586b69c27f05c8fcb3c6c0ffedec6
wnid
03928116
scale
0.0163072732074
transformation
-0.998 0.000 0.064 44.886
0.000 1.000 0.000 0.050
-0.064 0.000 -0.998 36.581
object
02801938/c1abb91a5a9e2ea36d0c80f3bebb5ec0
wnid
02801938
scale
0.00677310013597
transformation
-0.975 0.000 -0.224 45.619
0.000 1.000 0.000 0.050
0.224 0.000 -0.975 35.735
end
lighting
SpotLight 3.0 1 1 1 44.73 2.43000006676 35.5499996948 0.04 0.0 0.0 -0.0 0.0 0.04
SpotLight 3.0 1 1 1 44.73 2.43000006676 35.5899996948 0.04 0.0 0.0 0.0 0.0 -0.04
SpotLight 3.0 1 1 1 44.73 2.43000006676 35.0499996948 0.04 0.0 0.0 -0.0 0.0 0.04
SpotLight 3.0 1 1 1 44.73 2.43000006676 35.0899996948 0.04 0.0 0.0 0.0 0.0 -0.04
PointLight 1.5 1 1 1 47.2899981689 1.95999999046 42.1999980164 0.03
PointLight 1.5 1 1 1 47.2699977112 1.95999999046 38.8900004578 0.03
