layout_file: ./suncg/house/c6aa4011efde54ae9522dfacffa29a81/houseOneFloor.obj
object
03928116/bd586b69c27f05c8fcb3c6c0ffedec6
wnid
03928116
scale
0.0109299013008
transformation
0.631 0.000 0.775 35.623
0.000 1.000 0.000 0.050
-0.775 0.000 0.631 33.656
object
03928116/ac47e870aee0ecf5c4dbe872a948b23
wnid
03928116
scale
0.0103653078828
transformation
-0.732 0.000 0.682 30.760
0.000 1.000 0.000 0.050
-0.682 0.000 -0.732 34.136
object
04099429/56c13d294f8afb1ffb88d148e845f82e
wnid
04099429
scale
0.0100776350849
transformation
-0.587 0.000 0.810 34.877
0.000 1.000 0.000 0.050
-0.810 0.000 -0.587 34.596
object
02691156/7f2d03635180db2137678474be485ca
wnid
02691156
scale
0.0807424002714
transformation
-0.837 0.000 0.547 36.005
0.000 1.000 0.000 0.050
-0.547 0.000 -0.837 31.219
object
03938244/2873ef9354972727b376ecd25749b977
wnid
03938244
scale
0.0193716014252
transformation
0.430 0.000 -0.903 34.275
0.000 1.000 0.000 0.050
0.903 0.000 0.430 32.761
object
02801938/c1abb91a5a9e2ea36d0c80f3bebb5ec0
wnid
02801938
scale
0.00497609945019
transformation
0.997 0.000 0.083 34.914
0.000 1.000 0.000 0.050
-0.083 0.000 0.997 33.820
object
02801938/c1abb91a5a9e2ea36d0c80f3bebb5ec0
wnid
02801938
scale
0.0102992947435
transformation
-0.984 0.000 0.181 34.722
0.000 1.000 0.000 0.050
-0.181 0.000 -0.984 31.416
object
02691156/7f2d03635180db2137678474be485ca
wnid
02691156
scale
0.0277260540979
transformation
0.588 0.000 -0.809 31.143
0.000 1.000 0.000 0.050
0.809 0.000 0.588 32.121
object
03928116/ac47e870aee0ecf5c4dbe872a948b23
wnid
03928116
scale
0.0176657349279
transformation
0.550 0.000 0.835 35.884
0.000 1.000 0.000 0.050
-0.835 0.000 0.550 32.760
object
02924116/6b5c172c49f15064e550942ea36e5443
wnid
02924116
scale
0.0954832339723
transformation
0.244 0.000 0.970 30.990
0.000 1.000 0.000 0.050
-0.970 0.000 0.244 34.238
object
02924116/6b5c172c49f15064e550942ea36e5443
wnid
02924116
scale
0.0371342963643
transformation
0.535 0.000 -0.845 32.025
0.000 1.000 0.000 0.050
0.845 0.000 0.535 33.883
object
02924116/eb073520d0c4db4d346f9a49ab523ba7
wnid
02924116
scale
0.0355532062532
transformation
0.798 0.000 -0.603 30.483
0.000 1.000 0.000 0.050
0.603 0.000 0.798 32.091
object
02924116/eb073520d0c4db4d346f9a49ab523ba7
wnid
02924116
scale
0.0751648541307
transformation
0.443 0.000 -0.896 30.869
0.000 1.000 0.000 0.050
0.896 0.000 0.443 33.895
object
02924116/eb073520d0c4db4d346f9a49ab523ba7
wnid
02924116
scale
0.0366508770139
transformation
-0.907 0.000 0.421 34.323
0.000 1.000 0.000 0.050
-0.421 0.000 -0.907 33.111
object
04099429/59389aac7b1ea9b09b28f5f9cf8893b5
wnid
04099429
scale
0.00360986276904
transformation
0.645 0.000 0.765 36.473
0.000 1.000 0.000 0.050
-0.765 0.000 0.645 33.713
object
03928116/ac47e870aee0ecf5c4dbe872a948b23
wnid
03928116
scale
0.0262923094628
transformation
0.992 0.000 0.122 31.634
0.000 1.000 0.000 0.050
-0.122 0.000 0.992 32.343
end
lighting
PointLight 1.5 1 1 1 33.88 1.95999999046 34.0799990845 0.03
PointLight 1.5 1 1 1 34.12 1.95999999046 33.8399990845 0.03
PointLight 1.5 1 1 1 34.12 1.95999999046 34.0799990845 0.03
PointLight 1.5 1 1 1 33.88 1.95999999046 33.8399990845 0.03
