layout_file: ./suncg/house/c6aa4011efde54ae9522dfacffa29a81/houseOneFloor.obj
object
04099429/59389aac7b1ea9b09b28f5f9cf8893b5
wnid
04099429
scale
0.0246494133658
transformation
-0.286 0.000 0.958 46.737
0.000 1.000 0.000 0.050
-0.958 0.000 -0.286 43.466
object
03928116/bd586b69c27f05c8fcb3c6c0ffedec6
wnid
03928116
scale
0.0211914881369
transformation
-0.962 0.000 -0.275 47.155
0.000 1.000 0.000 0.050
0.275 0.000 -0.962 37.563
object
03928116/bd586b69c27f05c8fcb3c6c0ffedec6
wnid
03928116
scale
0.0239406036918
transformation
-0.104 0.000 -0.995 46.485
0.000 1.000 0.000 0.050
0.995 0.000 -0.104 41.075
object
02801938/c1abb91a5a9e2ea36d0c80f3bebb5ec0
wnid
02801938
scale
0.0102815133977
transformation
-0.846 0.000 0.533 46.652
0.000 1.000 0.000 0.050
-0.533 0.000 -0.846 40.325
object
03938244/2873ef9354972727b376ecd25749b977
wnid
03938244
scale
0.0332136073449
transformation
0.923 0.000 0.385 47.028
0.000 1.000 0.000 0.050
-0.385 0.000 0.923 42.038
object
02691156/7f2d03635180db2137678474be485ca
wnid
02691156
scale
0.0627464748217
transformation
-0.422 0.000 0.906 46.383
0.000 1.000 0.000 0.050
-0.906 0.000 -0.422 41.772
object
03928116/bd586b69c27f05c8fcb3c6c0ffedec6
wnid
03928116
scale
0.0240456443419
transformation
0.224 0.000 0.975 46.569
0.000 1.000 0.000 0.050
-0.975 0.000 0.224 42.908
end
lighting
PointLight 1.5 1 1 1 47.0499981689 1.95999999046 42.1999980164 0.03
PointLight 1.5 1 1 1 47.2899981689 1.95999999046 41.9599980164 0.03
PointLight 1.5 1 1 1 47.2899981689 1.95999999046 42.1999980164 0.03
PointLight 1.5 1 1 1 47.0499981689 1.95999999046 41.9599980164 0.03
PointLight 1.5 1 1 1 47.0299977112 1.95999999046 38.8900004578 0.03
PointLight 1.5 1 1 1 47.2699977112 1.95999999046 38.6500004578 0.03
PointLight 1.5 1 1 1 47.2699977112 1.95999999046 38.8900004578 0.03
PointLight 1.5 1 1 1 47.0299977112 1.95999999046 38.6500004578 0.03
PointLight 1.5 1 1 1 48.4399975586 1.95999999046 35.1600009155 0.03
PointLight 1.5 1 1 1 42.0099993896 1.95999999046 40.4399975586 0.03
