layout_file: ./suncg/house/fff3ca3254c364df22f15646ad160400/houseOneFloor.obj
object
03928116/ac47e870aee0ecf5c4dbe872a948b23
wnid
03928116
scale
0.0285998906197
transformation
0.369 0.000 0.929 43.934
0.000 1.000 0.000 0.050
-0.929 0.000 0.369 37.836
object
04099429/56c13d294f8afb1ffb88d148e845f82e
wnid
04099429
scale
0.0184842206509
transformation
0.957 0.000 0.291 41.904
0.000 1.000 0.000 0.050
-0.291 0.000 0.957 38.419
object
02801938/c1abb91a5a9e2ea36d0c80f3bebb5ec0
wnid
02801938
scale
0.0167696956465
transformation
-0.138 0.000 -0.990 44.221
0.000 1.000 0.000 0.050
0.990 0.000 -0.138 38.188
end
lighting
SpotLight 3.0 1 1 1 42.2299156104 2.35503100954 39.0825722888 0.04 0.0 0.0 -0.0 0.0 0.04
SpotLight 3.0 1 1 1 42.2299156104 2.35503100954 39.1225722888 0.04 0.0 0.0 0.0 0.0 -0.04
SpotLight 3.0 1 1 1 41.9393606104 2.35437800954 39.0780602888 0.04 0.0 0.0 -0.0 0.0 0.04
SpotLight 3.0 1 1 1 41.9393606104 2.35437800954 39.1180602888 0.04 0.0 0.0 0.0 0.0 -0.04
SpotLight 3.0 1 1 1 41.8023036104 2.35578600954 38.8288698888 0.04 0.0 0.0 -0.0 0.0 0.04
SpotLight 3.0 1 1 1 41.8023036104 2.35578600954 38.8688698888 0.04 0.0 0.0 0.0 0.0 -0.04
SpotLight 3.0 1 1 1 41.9440776104 2.35537200954 38.5838102888 0.04 0.0 0.0 -0.0 0.0 0.04
SpotLight 3.0 1 1 1 41.9440776104 2.35537200954 38.6238102888 0.04 0.0 0.0 0.0 0.0 -0.04
SpotLight 3.0 1 1 1 42.2313576104 2.35578700954 38.5840962888 0.04 0.0 0.0 -0.0 0.0 0.04
SpotLight 3.0 1 1 1 42.2313576104 2.35578700954 38.6240962888 0.04 0.0 0.0 0.0 0.0 -0.04
SpotLight 3.0 1 1 1 42.3748796104 2.35558600954 38.8269655588 0.04 0.0 0.0 -0.0 0.0 0.04
SpotLight 3.0 1 1 1 42.3748796104 2.35558600954 38.8669655588 0.04 0.0 0.0 0.0 0.0 -0.04
SpotLight 3.0 1 1 1 37.4893598474 2.35437800954 36.4380570845 0.04 0.0 0.0 -0.0 0.0 0.04
SpotLight 3.0 1 1 1 37.3523028474 2.35578600954 36.2288666845 0.04 0.0 0.0 0.0 0.0 -0.04
SpotLight 2.0 1 1 1 40.3606513325 2.38735759249 41.8403592872 -0.0382755278467 0.0 0.0116182601131 -0.0108236112109 -0.0145390514631 -0.035657613814
