layout_file: ./suncg/house/fff3ca3254c364df22f15646ad160400/houseOneFloor.obj
object
02801938/c1abb91a5a9e2ea36d0c80f3bebb5ec0
wnid
02801938
scale
0.0108158637336
transformation
0.517 0.000 -0.856 31.093
0.000 1.000 0.000 0.050
0.856 0.000 0.517 38.448
object
02924116/6b5c172c49f15064e550942ea36e5443
wnid
02924116
scale
0.0201625261068
transformation
-1.000 0.000 0.021 34.200
0.000 1.000 0.000 0.050
-0.021 0.000 -1.000 35.363
object
03928116/4935addf7de12539c273f5d1e0123211
wnid
03928116
scale
0.0196072248206
transformation
-0.771 0.000 0.637 33.929
0.000 1.000 0.000 0.050
-0.637 0.000 -0.771 36.160
object
02801938/c1abb91a5a9e2ea36d0c80f3bebb5ec0
wnid
02801938
scale
0.00998828534545
transformation
-0.980 0.000 -0.197 32.432
0.000 1.000 0.000 0.050
0.197 0.000 -0.980 38.368
object
04099429/56c13d294f8afb1ffb88d148e845f82e
wnid
04099429
scale
0.00558479351022
transformation
-0.599 0.000 0.801 32.421
0.000 1.000 0.000 0.050
-0.801 0.000 -0.599 37.295
object
02691156/7f2d03635180db2137678474be485ca
wnid
02691156
scale
0.0642994237012
transformation
-0.912 0.000 -0.409 32.032
0.000 1.000 0.000 0.050
0.409 0.000 -0.912 37.422
end
lighting
SpotLight 3.0 1 1 1 33.3199157629 2.35503100954 37.202567406 0.04 0.0 0.0 -0.0 0.0 0.04
SpotLight 3.0 1 1 1 33.3199157629 2.35503100954 37.242567406 0.04 0.0 0.0 0.0 0.0 -0.04
SpotLight 3.0 1 1 1 33.0293607629 2.35437800954 37.198055406 0.04 0.0 0.0 -0.0 0.0 0.04
SpotLight 3.0 1 1 1 33.0293607629 2.35437800954 37.238055406 0.04 0.0 0.0 0.0 0.0 -0.04
SpotLight 3.0 1 1 1 32.8923037629 2.35578600954 36.948865006 0.04 0.0 0.0 -0.0 0.0 0.04
SpotLight 3.0 1 1 1 32.8923037629 2.35578600954 36.988865006 0.04 0.0 0.0 0.0 0.0 -0.04
SpotLight 3.0 1 1 1 33.0340777629 2.35537200954 36.703805406 0.04 0.0 0.0 -0.0 0.0 0.04
SpotLight 3.0 1 1 1 33.0340777629 2.35537200954 36.743805406 0.04 0.0 0.0 0.0 0.0 -0.04
SpotLight 3.0 1 1 1 33.3213577629 2.35578700954 36.704091406 0.04 0.0 0.0 -0.0 0.0 0.04
SpotLight 3.0 1 1 1 33.3213577629 2.35578700954 36.744091406 0.04 0.0 0.0 0.0 0.0 -0.04
SpotLight 3.0 1 1 1 33.4648797629 2.35558600954 36.946960676 0.04 0.0 0.0 -0.0 0.0 0.04
SpotLight 3.0 1 1 1 33.4648797629 2.35558600954 36.986960676 0.04 0.0 0.0 0.0 0.0 -0.04
SpotLight 3.0 1 1 1 37.7813568474 2.35578700954 35.9840930845 0.04 0.0 0.0 0.0 0.0 -0.04
PointLight 1.5 1 1 1 36.37 2.10999999046 42.2399989319 0.02
