layout_file: ./suncg/house/fff3ca3254c364df22f15646ad160400/houseOneFloor.obj
object
03928116/ac47e870aee0ecf5c4dbe872a948b23
wnid
03928116
scale
0.0216064632992
transformation
-0.955 0.000 -0.297 32.994
0.000 1.000 0.000 0.050
0.297 0.000 -0.955 41.911
object
03938244/2873ef9354972727b376ecd25749b977
wnid
03938244
scale
0.063880722597
transformation
0.779 0.000 -0.627 32.694
0.000 1.000 0.000 0.050
0.627 0.000 0.779 41.963
object
04099429/56c13d294f8afb1ffb88d148e845f82e
wnid
04099429
scale
0.00513745359161
transformation
-0.979 0.000 0.202 31.137
0.000 1.000 0.000 0.050
-0.202 0.000 -0.979 39.153
object
03928116/ac47e870aee0ecf5c4dbe872a948b23
wnid
03928116
scale
0.0287889958118
transformation
0.985 0.000 0.174 31.671
0.000 1.000 0.000 0.050
-0.174 0.000 0.985 41.579
object
03928116/bd586b69c27f05c8fcb3c6c0ffedec6
wnid
03928116
scale
0.0161580137124
transformation
-0.992 0.000 -0.128 34.063
0.000 1.000 0.000 0.050
0.128 0.000 -0.992 40.831
object
03938244/2873ef9354972727b376ecd25749b977
wnid
03938244
scale
0.0323456278515
transformation
0.792 0.000 -0.611 34.121
0.000 1.000 0.000 0.050
0.611 0.000 0.792 40.885
object
02691156/7f2d03635180db2137678474be485ca
wnid
02691156
scale
0.034153486089
transformation
-0.424 0.000 -0.906 35.661
0.000 1.000 0.000 0.050
0.906 0.000 -0.424 41.860
object
02924116/eb073520d0c4db4d346f9a49ab523ba7
wnid
02924116
scale
0.055589625358
transformation
-0.996 0.000 -0.092 32.384
0.000 1.000 0.000 0.050
0.092 0.000 -0.996 39.277
object
02924116/eb073520d0c4db4d346f9a49ab523ba7
wnid
02924116
scale
0.0694851546106
transformation
-0.981 0.000 -0.194 36.029
0.000 1.000 0.000 0.050
0.194 0.000 -0.981 43.749
object
02691156/7f2d03635180db2137678474be485ca
wnid
02691156
scale
0.0496554305379
transformation
-0.520 0.000 0.854 36.148
0.000 1.000 0.000 0.050
-0.854 0.000 -0.520 41.736
object
03928116/4935addf7de12539c273f5d1e0123211
wnid
03928116
scale
0.0317118230729
transformation
-0.873 0.000 0.487 36.180
0.000 1.000 0.000 0.050
-0.487 0.000 -0.873 43.546
object
02801938/c1abb91a5a9e2ea36d0c80f3bebb5ec0
wnid
02801938
scale
0.005973643491
transformation
0.999 0.000 -0.048 32.191
0.000 1.000 0.000 0.050
0.048 0.000 0.999 41.506
end
lighting
SpotLight 3.0 1 1 1 33.3899154578 2.35503100954 40.6625703052 0.04 0.0 0.0 -0.0 0.0 0.04
SpotLight 3.0 1 1 1 33.3899154578 2.35503100954 40.7025703052 0.04 0.0 0.0 0.0 0.0 -0.04
SpotLight 3.0 1 1 1 33.0993604578 2.35437800954 40.6580583052 0.04 0.0 0.0 -0.0 0.0 0.04
SpotLight 3.0 1 1 1 33.0993604578 2.35437800954 40.6980583052 0.04 0.0 0.0 0.0 0.0 -0.04
SpotLight 3.0 1 1 1 32.9623034578 2.35578600954 40.4088679052 0.04 0.0 0.0 -0.0 0.0 0.04
SpotLight 3.0 1 1 1 32.9623034578 2.35578600954 40.4488679052 0.04 0.0 0.0 0.0 0.0 -0.04
SpotLight 3.0 1 1 1 33.1040774578 2.35537200954 40.1638083052 0.04 0.0 0.0 -0.0 0.0 0.04
SpotLight 3.0 1 1 1 33.1040774578 2.35537200954 40.2038083052 0.04 0.0 0.0 0.0 0.0 -0.04
SpotLight 3.0 1 1 1 33.3913574578 2.35578700954 40.1640943052 0.04 0.0 0.0 -0.0 0.0 0.04
SpotLight 3.0 1 1 1 33.3913574578 2.35578700954 40.2040943052 0.04 0.0 0.0 0.0 0.0 -0.04
SpotLight 3.0 1 1 1 33.5348794578 2.35558600954 40.4069635752 0.04 0.0 0.0 -0.0 0.0 0.04
SpotLight 3.0 1 1 1 33.5348794578 2.35558600954 40.4469635752 0.04 0.0 0.0 0.0 0.0 -0.04
PointLight 1.5 1 1 1 36.13 2.10999999046 42.2399989319 0.02
PointLight 1.5 1 1 1 36.37 2.10999999046 41.9999989319 0.02
PointLight 1.5 1 1 1 36.37 2.10999999046 42.2399989319 0.02
PointLight 1.5 1 1 1 36.13 2.10999999046 41.9999989319 0.02
