layout_file: ./suncg/house/fff3ca3254c364df22f15646ad160400/houseOneFloor.obj
object
03928116/bd586b69c27f05c8fcb3c6c0ffedec6
wnid
03928116
scale
0.00861820082445
transformation
-0.054 0.000 -0.999 37.376
0.000 1.000 0.000 0.050
0.999 0.000 -0.054 40.153
object
02691156/7f2d03635180db2137678474be485ca
wnid
02691156
scale
0.0440885380611
transformation
0.402 0.000 0.916 38.700
0.000 1.000 0.000 0.050
-0.916 0.000 0.402 35.998
object
02691156/7f2d03635180db2137678474be485ca
wnid
02691156
scale
0.0169720424628
transformation
0.944 0.000 -0.330 38.529
0.000 1.000 0.000 0.050
0.330 0.000 0.944 40.177
object
02801938/c1abb91a5a9e2ea36d0c80f3bebb5ec0
wnid
02801938
scale
0.0141092124402
transformation
0.878 0.000 0.478 37.272
0.000 1.000 0.000 0.050
-0.478 0.000 0.878 38.329
object
04099429/59389aac7b1ea9b09b28f5f9cf8893b5
wnid
04099429
scale
0.0110962006217
transformation
-0.191 0.000 -0.982 38.048
0.000 1.000 0.000 0.050
0.982 0.000 -0.191 38.179
object
03938244/2873ef9354972727b376ecd25749b977
wnid
03938244
scale
0.0225890890329
transformation
-0.285 0.000 -0.959 35.798
0.000 1.000 0.000 0.050
0.959 0.000 -0.285 37.571
object
03928116/bd586b69c27f05c8fcb3c6c0ffedec6
wnid
03928116
scale
0.0209362067091
transformation
-0.969 0.000 0.247 36.005
0.000 1.000 0.000 0.050
-0.247 0.000 -0.969 39.237
object
03938244/2873ef9354972727b376ecd25749b977
wnid
03938244
scale
0.0853834822084
transformation
-0.938 0.000 0.346 37.064
0.000 1.000 0.000 0.050
-0.346 0.000 -0.938 35.901
object
04099429/59389aac7b1ea9b09b28f5f9cf8893b5
wnid
04099429
scale
0.0155347368684
transformation
-0.950 0.000 -0.311 35.947
0.000 1.000 0.000 0.050
0.311 0.000 -0.950 40.104
object
02801938/c1abb91a5a9e2ea36d0c80f3bebb5ec0
wnid
02801938
scale
0.010746377718
transformation
-0.321 0.000 0.947 38.262
0.000 1.000 0.000 0.050
-0.947 0.000 -0.321 36.880
object
03938244/2873ef9354972727b376ecd25749b977
wnid
03938244
scale
0.0355598755639
transformation
-0.912 0.000 -0.410 38.380
0.000 1.000 0.000 0.050
0.410 0.000 -0.912 38.614
object
03928116/bd586b69c27f05c8fcb3c6c0ffedec6
wnid
03928116
scale
0.0167719786319
transformation
0.259 0.000 0.966 40.088
0.000 1.000 0.000 0.050
-0.966 0.000 0.259 38.483
end
lighting
SpotLight 3.0 1 1 1 37.7799148474 2.35503100954 36.4425690845 0.04 0.0 0.0 -0.0 0.0 0.04
SpotLight 3.0 1 1 1 37.7799148474 2.35503100954 36.4825690845 0.04 0.0 0.0 0.0 0.0 -0.04
SpotLight 3.0 1 1 1 37.4893598474 2.35437800954 36.4380570845 0.04 0.0 0.0 -0.0 0.0 0.04
SpotLight 3.0 1 1 1 37.4893598474 2.35437800954 36.4780570845 0.04 0.0 0.0 0.0 0.0 -0.04
SpotLight 3.0 1 1 1 37.3523028474 2.35578600954 36.1888666845 0.04 0.0 0.0 -0.0 0.0 0.04
SpotLight 3.0 1 1 1 37.3523028474 2.35578600954 36.2288666845 0.04 0.0 0.0 0.0 0.0 -0.04
SpotLight 3.0 1 1 1 37.4940768474 2.35537200954 35.9438070845 0.04 0.0 0.0 -0.0 0.0 0.04
SpotLight 3.0 1 1 1 37.4940768474 2.35537200954 35.9838070845 0.04 0.0 0.0 0.0 0.0 -0.04
SpotLight 3.0 1 1 1 37.7813568474 2.35578700954 35.9440930845 0.04 0.0 0.0 -0.0 0.0 0.04
SpotLight 3.0 1 1 1 37.7813568474 2.35578700954 35.9840930845 0.04 0.0 0.0 0.0 0.0 -0.04
SpotLight 3.0 1 1 1 37.9248788474 2.35558600954 36.1869623545 0.04 0.0 0.0 -0.0 0.0 0.04
SpotLight 3.0 1 1 1 37.9248788474 2.35558600954 36.2269623545 0.04 0.0 0.0 0.0 0.0 -0.04
SpotLight 3.0 1 1 1 37.6699142371 2.35503100954 38.7725709155 0.04 0.0 0.0 -0.0 0.0 0.04
SpotLight 3.0 1 1 1 37.6699142371 2.35503100954 38.8125709155 0.04 0.0 0.0 0.0 0.0 -0.04
SpotLight 3.0 1 1 1 37.3793592371 2.35437800954 38.7680589155 0.04 0.0 0.0 -0.0 0.0 0.04
SpotLight 3.0 1 1 1 37.3793592371 2.35437800954 38.8080589155 0.04 0.0 0.0 0.0 0.0 -0.04
SpotLight 3.0 1 1 1 37.2423022371 2.35578600954 38.5188685155 0.04 0.0 0.0 -0.0 0.0 0.04
SpotLight 3.0 1 1 1 37.2423022371 2.35578600954 38.5588685155 0.04 0.0 0.0 0.0 0.0 -0.04
SpotLight 3.0 1 1 1 37.3840762371 2.35537200954 38.2738089155 0.04 0.0 0.0 -0.0 0.0 0.04
SpotLight 3.0 1 1 1 37.3840762371 2.35537200954 38.3138089155 0.04 0.0 0.0 0.0 0.0 -0.04
SpotLight 3.0 1 1 1 37.6713562371 2.35578700954 38.2740949155 0.04 0.0 0.0 -0.0 0.0 0.04
SpotLight 3.0 1 1 1 37.6713562371 2.35578700954 38.3140949155 0.04 0.0 0.0 0.0 0.0 -0.04
SpotLight 3.0 1 1 1 37.8148782371 2.35558600954 38.5169641855 0.04 0.0 0.0 -0.0 0.0 0.04
SpotLight 3.0 1 1 1 37.8148782371 2.35558600954 38.5569641855 0.04 0.0 0.0 0.0 0.0 -0.04
SpotLight 3.0 1 1 1 33.5348794578 2.35558600954 40.4069635752 0.04 0.0 0.0 -0.0 0.0 0.04
SpotLight 3.0 1 1 1 33.1040774578 2.35537200954 40.2038083052 0.04 0.0 0.0 0.0 0.0 -0.04
SpotLight 3.0 1 1 1 41.8023036104 2.35578600954 38.8288698888 0.04 0.0 0.0 -0.0 0.0 0.04
